#StageNum, CellCount, Sqrt/log, StemCount, DiffCount, MutantCount
0 5 1.6094379124341003 5 0 0
1 13 2.5649493574615367 13 0 0
2 25 3.2188758248682006 25 0 0
3 70 4.248495242049359 70 0 0
4 205 5.3230099791384085 205 0 0
5 535 6.282266746896006 535 0 0
6 1322 7.186901020411631 1322 0 0
7 2842 7.952263308657046 2842 0 0
8 5128 8.542470998600505 5128 0 0
9 7320 8.898365606955357 7320 0 0
10 8725 9.073947747070628 8725 0 0
11 9397 9.148145768383065 9397 0 0
12 9704 9.180293450623886 9704 0 0
13 9794 9.189525232262262 9794 0 0
14 9854 9.195632743103909 9854 0 0
15 9845 9.194718991073225 9845 0 0
16 9844 9.194617411510947 9844 0 0
17 9854 9.195632743103909 9854 0 0
18 9846 9.194820560318146 9846 0 0
19 9884 9.1986725671085 9884 0 0
20 9872 9.197457746145169 9872 0 0
21 9869 9.197153810172008 9869 0 0
22 9876 9.19786285046507 9876 0 0
23 9873 9.19755903761145 9873 0 0
24 9874 9.197660318818809 9874 0 0
25 9864 9.19664704484418 9864 0 0
26 9850 9.195226734166134 9850 0 0
27 9873 9.19755903761145 9873 0 0
28 9865 9.196748418456716 9865 0 0
29 9859 9.196140022575042 9859 0 0
30 9851 9.19532825185568 9851 0 0
31 9858 9.196038587265322 9858 0 0
32 9844 9.194617411510947 9844 0 0
33 9830 9.193194213141211 9830 0 0
34 9841 9.194312610898985 9841 0 0
35 9868 9.197052477649247 9868 0 0
36 9859 9.196140022575042 9859 0 0
37 9872 9.197457746145169 9872 0 0
38 9881 9.198369000194964 9881 0 0
39 9870 9.197255132427527 9870 0 0
40 9850 9.195226734166134 9850 0 0
41 9884 9.1986725671085 9884 0 0
42 9865 9.196748418456716 9865 0 0
43 9878 9.19806534110057 9878 0 0
44 9868 9.197052477649247 9868 0 0
45 9855 9.19573421958682 9855 0 0
46 9866 9.196849781793684 9866 0 0
47 9876 9.19786285046507 9876 0 0
48 9880 9.198267790741914 9880 0 0
49 9882 9.198470199405696 9882 0 0
50 9877 9.197964100908127 9877 0 0
51 9864 9.19664704484418 9864 0 0
52 9855 9.19573421958682 9855 0 0
53 9862 9.196444266784072 9862 0 0
54 9859 9.196140022575042 9859 0 0
55 9874 9.197660318818809 9874 0 0
56 9883 9.198571388376184 9883 0 0
57 9868 9.197052477649247 9868 0 0
58 9860 9.19624144759668 9860 0 0
59 9860 9.19624144759668 9860 0 0
60 9870 9.197255132427527 9870 0 0
61 9875 9.197761589769323 9875 0 0
62 9877 9.197964100908127 9877 0 0
63 9865 9.196748418456716 9865 0 0
64 9880 9.198267790741914 9880 0 0
65 9876 9.19786285046507 9876 0 0
66 9860 9.19624144759668 9860 0 0
67 9865 9.196748418456716 9865 0 0
68 9874 9.197660318818809 9874 0 0
69 9859 9.196140022575042 9859 0 0
70 9866 9.196849781793684 9866 0 0
71 9856 9.1958356857733 9856 0 0
72 9869 9.197153810172008 9869 0 0
73 9849 9.195125206169703 9849 0 0
74 9862 9.196444266784072 9862 0 0
75 9860 9.19624144759668 9860 0 0
76 9856 9.1958356857733 9856 0 0
77 9865 9.196748418456716 9865 0 0
78 9863 9.196545660953994 9863 0 0
79 9876 9.19786285046507 9876 0 0
80 9880 9.198267790741914 9880 0 0
81 9857 9.19593714166544 9857 0 0
82 9862 9.196444266784072 9862 0 0
83 9875 9.197761589769323 9875 0 0
84 9861 9.19634286233233 9861 0 0
85 9867 9.196951134857168 9867 0 0
86 9847 9.194922119247803 9847 0 0
87 9843 9.194515821629212 9843 0 0
88 9856 9.1958356857733 9856 0 0
89 9864 9.19664704484418 9864 0 0
90 9874 9.197660318818809 9874 0 0
91 9858 9.196038587265322 9858 0 0
92 9839 9.194109358865765 9839 0 0
93 9853 9.195531256322475 9853 0 0
94 9872 9.197457746145169 9872 0 0
95 9882 9.198470199405696 9882 0 0
96 9889 9.19917830726999 9889 0 0
97 9877 9.197964100908127 9877 0 0
98 9880 9.198267790741914 9880 0 0
99 9868 9.197052477649247 9868 0 0
100 9871 9.197356444417888 9871 0 0
101 9866 9.196849781793684 9866 0 0
102 9865 9.196748418456716 9865 0 0
103 9848 9.19502366786429 9848 0 0
104 9866 9.196849781793684 9866 0 0
105 9858 9.196038587265322 9858 0 0
106 9840 9.1942109900463 9840 0 0
107 9863 9.196545660953994 9863 0 0
108 9887 9.198976041897133 9887 0 0
109 9867 9.196951134857168 9867 0 0
110 9855 9.19573421958682 9855 0 0
111 9860 9.19624144759668 9860 0 0
112 9861 9.19634286233233 9861 0 0
113 9861 9.19634286233233 9861 0 0
114 9859 9.196140022575042 9859 0 0
115 9875 9.197761589769323 9875 0 0
116 9870 9.197255132427527 9870 0 0
117 9890 9.199279424616758 9890 0 0
118 9879 9.198166571044474 9879 0 0
119 9864 9.19664704484418 9864 0 0
120 9877 9.197964100908127 9877 0 0
121 9861 9.19634286233233 9861 0 0
122 9864 9.19664704484418 9864 0 0
123 9859 9.196140022575042 9859 0 0
124 9859 9.196140022575042 9859 0 0
125 9876 9.19786285046507 9876 0 0
126 9881 9.198369000194964 9881 0 0
127 9871 9.197356444417888 9871 0 0
128 9860 9.19624144759668 9860 0 0
129 9862 9.196444266784072 9862 0 0
130 9869 9.197153810172008 9869 0 0
131 9855 9.19573421958682 9855 0 0
132 9862 9.196444266784072 9862 0 0
133 9877 9.197964100908127 9877 0 0
134 9883 9.198571388376184 9883 0 0
135 9863 9.196545660953994 9863 0 0
136 9860 9.19624144759668 9860 0 0
137 9858 9.196038587265322 9858 0 0
138 9871 9.197356444417888 9871 0 0
139 9869 9.197153810172008 9869 0 0
140 9857 9.19593714166544 9857 0 0
141 9866 9.196849781793684 9866 0 0
142 9875 9.197761589769323 9875 0 0
143 9866 9.196849781793684 9866 0 0
144 9880 9.198267790741914 9880 0 0
145 9868 9.197052477649247 9868 0 0
146 9869 9.197153810172008 9869 0 0
147 9869 9.197153810172008 9869 0 0
148 9886 9.198874893866904 9886 0 0
149 9868 9.197052477649247 9868 0 0
150 9857 9.19593714166544 9857 0 0
151 9868 9.197052477649247 9868 0 0
152 9871 9.197356444417888 9871 0 0
153 9882 9.198470199405696 9882 0 0
154 9863 9.196545660953994 9863 0 0
155 9862 9.196444266784072 9862 0 0
156 9863 9.196545660953994 9863 0 0
157 9861 9.19634286233233 9861 0 0
158 9869 9.197153810172008 9869 0 0
159 9865 9.196748418456716 9865 0 0
160 9858 9.196038587265322 9858 0 0
161 9855 9.19573421958682 9855 0 0
162 9859 9.196140022575042 9859 0 0
163 9885 9.198773735604718 9885 0 0
164 9858 9.196038587265322 9858 0 0
165 9858 9.196038587265322 9858 0 0
166 9870 9.197255132427527 9870 0 0
167 9847 9.194922119247803 9847 0 0
168 9861 9.19634286233233 9861 0 0
169 9864 9.19664704484418 9864 0 0
170 9861 9.19634286233233 9861 0 0
171 9850 9.195226734166134 9850 0 0
172 9851 9.19532825185568 9851 0 0
173 9877 9.197964100908127 9877 0 0
174 9864 9.19664704484418 9864 0 0
175 9872 9.197457746145169 9872 0 0
176 9862 9.196444266784072 9862 0 0
177 9867 9.196951134857168 9867 0 0
178 9880 9.198267790741914 9880 0 0
179 9880 9.198267790741914 9880 0 0
180 9881 9.198369000194964 9881 0 0
181 9863 9.196545660953994 9863 0 0
182 9857 9.19593714166544 9857 0 0
183 9877 9.197964100908127 9877 0 0
184 9890 9.199279424616758 9890 0 0
185 9879 9.198166571044474 9879 0 0
186 9865 9.196748418456716 9865 0 0
187 9862 9.196444266784072 9862 0 0
188 9855 9.19573421958682 9855 0 0
189 9883 9.198571388376184 9883 0 0
190 9851 9.19532825185568 9851 0 0
191 9858 9.196038587265322 9858 0 0
192 9859 9.196140022575042 9859 0 0
193 9860 9.19624144759668 9860 0 0
194 9839 9.194109358865765 9839 0 0
195 9854 9.195632743103909 9854 0 0
196 9858 9.196038587265322 9858 0 0
197 9854 9.195632743103909 9854 0 0
198 9833 9.193499354780156 9833 0 0
199 9845 9.194718991073225 9845 0 0
200 9861 9.19634286233233 9861 0 0