#StageNum, CellCount, Sqrt/log, StemCount, DiffCount, MutantCount
0 5 1.6094379124341003 5 0 0
1 11 2.3978952727983707 11 0 0
2 25 3.2188758248682006 17 8 0
3 50 3.912023005428146 20 30 0
4 75 4.31748811353631 26 49 0
5 99 4.59511985013459 33 66 0
6 132 4.882801922586371 38 94 0
7 174 5.159055299214529 54 120 0
8 226 5.420534999272286 75 151 0
9 301 5.707110264748875 81 220 0
10 404 6.0014148779611505 117 287 0
11 512 6.238324625039508 140 372 0
12 656 6.486160788944089 181 475 0
13 828 6.71901315438526 216 612 0
14 1007 6.914730892718563 233 774 0
15 1222 7.108244139731541 275 947 0
16 1461 7.2868764117507 308 1153 0
17 1707 7.442492722794441 353 1354 0
18 1992 7.596894438144544 389 1603 0
19 2316 7.7475968386928855 438 1878 0
20 2613 7.868254265520613 482 2131 0
21 2920 7.979338895262328 553 2367 0
22 3294 8.099857910737585 624 2670 0
23 3760 8.23217423638394 752 3008 0
24 4207 8.344505083590521 845 3362 0
25 4689 8.452974619089586 991 3698 0
26 5179 8.552367266423891 1124 4055 0
27 5652 8.639764743804419 1191 4461 0
28 6059 8.70930004894499 1262 4797 0
29 6514 8.781708985836179 1376 5138 0
30 6918 8.841881989497114 1481 5437 0
31 7245 8.888066854754783 1550 5695 0
32 7577 8.932872621931374 1645 5932 0
33 7898 8.974364841846596 1723 6175 0
34 8171 9.008346579384707 1778 6393 0
35 8396 9.035510680940524 1821 6575 0
36 8581 9.057305735807121 1870 6711 0
37 8776 9.079776001955066 1918 6858 0
38 8911 9.09504174761272 1932 6979 0
39 9033 9.108639817149843 1971 7062 0
40 9119 9.118115427933665 1966 7153 0
41 9186 9.12543586488574 1972 7214 0
42 9228 9.129997619293645 1987 7241 0
43 9295 9.137231900155545 1991 7304 0
44 9321 9.140025198061156 1997 7324 0
45 9349 9.143024664691316 2012 7337 0
46 9384 9.146761390333312 2020 7364 0
47 9420 9.150590367570409 2026 7394 0
48 9441 9.152817185732516 2012 7429 0
49 9462 9.155039056191093 2012 7450 0
50 9456 9.15440473964588 2018 7438 0
51 9457 9.154510487015513 2007 7450 0
52 9455 9.154298981092557 2019 7436 0
53 9467 9.15556734612889 2044 7423 0
54 9476 9.156517565278676 2041 7435 0
55 9479 9.156834104453042 2027 7452 0
56 9456 9.15440473964588 2033 7423 0
57 9461 9.154933364704444 2021 7440 0
58 9475 9.156412029950626 2041 7434 0
59 9493 9.158309963881798 2047 7446 0
60 9526 9.161780181360806 2037 7489 0
61 9517 9.160834952072344 2024 7493 0
62 9537 9.162934249578912 2017 7520 0
63 9538 9.16303909885817 2008 7530 0
64 9535 9.16272451803452 2000 7535 0
65 9515 9.16062477973025 2017 7498 0
66 9496 9.158625936289503 2012 7484 0
67 9516 9.160729871422848 2025 7491 0
68 9519 9.161045080251306 2028 7491 0
69 9503 9.159362817211315 2026 7477 0
70 9506 9.159678457173955 2024 7482 0
71 9486 9.157572306437528 2021 7465 0
72 9480 9.156939595249067 2020 7460 0
73 9467 9.15556734612889 2011 7456 0
74 9475 9.156412029950626 2005 7470 0
75 9490 9.157993891603974 2017 7473 0
76 9496 9.158625936289503 2022 7474 0
77 9519 9.161045080251306 2019 7500 0
78 9518 9.160940021681055 2027 7491 0
79 9508 9.159888828480085 2022 7486 0
80 9518 9.160940021681055 2027 7491 0
81 9528 9.161990111035136 2024 7504 0
82 9523 9.161465204194046 2037 7486 0
83 9518 9.160940021681055 2026 7492 0
84 9516 9.160729871422848 2022 7494 0
85 9511 9.160204302482386 2032 7479 0
86 9490 9.157993891603974 2039 7451 0
87 9463 9.155144736508232 2035 7428 0
88 9460 9.154827662045925 2026 7434 0
89 9471 9.155989777226102 2023 7448 0
90 9475 9.156412029950626 2020 7455 0
91 9463 9.155144736508232 2021 7442 0
92 9495 9.158520623246385 2026 7469 0
93 9500 9.159047077588632 2025 7475 0
94 9503 9.159362817211315 2049 7454 0
95 9495 9.158520623246385 2053 7442 0
96 9509 9.159993997539445 2061 7448 0
97 9531 9.162304922937626 2055 7476 0
98 9524 9.161570207606754 2053 7471 0
99 9553 9.164610520270008 2069 7484 0
100 9549 9.164191715950203 2082 7467 0
101 9549 9.164191715950203 2078 7471 0
102 9534 9.162619635764772 2073 7461 0
103 9533 9.162514742493578 2069 7464 0
104 9545 9.163772736159848 2071 7474 0
105 9535 9.16272451803452 2057 7478 0
106 9524 9.161570207606754 2052 7472 0
107 9537 9.162934249578912 2033 7504 0
108 9547 9.163982247998034 2036 7511 0
109 9560 9.165343006045447 2061 7499 0
110 9549 9.164191715950203 2047 7502 0
111 9534 9.162619635764772 2054 7480 0
112 9549 9.164191715950203 2048 7501 0
113 9550 9.164296433474776 2043 7507 0
114 9558 9.165133779138104 2046 7512 0
115 9555 9.164819856674374 2039 7516 0
116 9563 9.165656764349542 2036 7527 0
117 9565 9.165865881874353 2036 7529 0
118 9547 9.163982247998034 2028 7519 0
119 9543 9.163563180417254 2033 7510 0
120 9544 9.163667963777751 2027 7517 0
121 9541 9.163353580751846 2017 7524 0
122 9547 9.163982247998034 2016 7531 0
123 9553 9.164610520270008 2025 7528 0
124 9540 9.163248764442333 2023 7517 0
125 9542 9.163458386076051 2026 7516 0
126 9563 9.165656764349542 2046 7517 0
127 9555 9.164819856674374 2041 7514 0
128 9538 9.16303909885817 2028 7510 0
129 9526 9.161780181360806 2027 7499 0
130 9510 9.160099155539436 2021 7489 0
131 9490 9.157993891603974 2014 7476 0
132 9487 9.157677719392877 2001 7486 0
133 9502 9.159257581746866 2003 7499 0
134 9488 9.157783121237507 1995 7493 0
135 9496 9.158625936289503 1985 7511 0
136 9510 9.160099155539436 1989 7521 0
137 9523 9.161465204194046 1987 7536 0
138 9533 9.162514742493578 1990 7543 0
139 9535 9.16272451803452 2006 7529 0
140 9519 9.161045080251306 2008 7511 0
141 9532 9.162409838218633 1996 7536 0
142 9533 9.162514742493578 1987 7546 0
143 9552 9.164505835632383 2013 7539 0
144 9553 9.164610520270008 2020 7533 0
145 9540 9.163248764442333 2026 7514 0
146 9529 9.162095059348188 2006 7523 0
147 9528 9.161990111035136 1998 7530 0
148 9514 9.160519676992227 1999 7515 0
149 9508 9.159888828480085 1989 7519 0
150 9517 9.160834952072344 1986 7531 0
151 9499 9.158941808890182 1997 7502 0
152 9501 9.15915233520675 1999 7502 0
153 9475 9.156412029950626 1983 7492 0
154 9483 9.157256000883727 1987 7496 0
155 9473 9.156200925875535 1984 7489 0
156 9498 9.158836529109067 1967 7531 0
157 9495 9.158520623246385 1979 7516 0
158 9488 9.157783121237507 1978 7510 0
159 9480 9.156939595249067 1967 7513 0
160 9491 9.158099260130491 1984 7507 0
161 9476 9.156517565278676 1979 7497 0
162 9515 9.16062477973025 2022 7493 0
163 9535 9.16272451803452 2042 7493 0
164 9543 9.163563180417254 2034 7509 0
165 9556 9.1649245084457 2015 7541 0
166 9531 9.162304922937626 1994 7537 0
167 9533 9.162514742493578 1981 7552 0
168 9540 9.163248764442333 1987 7553 0
169 9529 9.162095059348188 1993 7536 0
170 9523 9.161465204194046 1991 7532 0
171 9536 9.16282938930513 1999 7537 0
172 9553 9.164610520270008 1973 7580 0
173 9546 9.163877497565842 1985 7561 0
174 9539 9.163143937145207 1975 7564 0
175 9551 9.164401140034737 1957 7594 0
176 9533 9.162514742493578 1957 7576 0
177 9526 9.161780181360806 1959 7567 0
178 9539 9.163143937145207 1948 7591 0
179 9556 9.1649245084457 1982 7574 0
180 9554 9.164715193949908 1987 7567 0
181 9540 9.163248764442333 1987 7553 0
182 9533 9.162514742493578 1989 7544 0
183 9524 9.161570207606754 1977 7547 0
184 9509 9.159993997539445 1958 7551 0
185 9491 9.158099260130491 1948 7543 0
186 9489 9.15788851197376 1957 7532 0
187 9474 9.156306483483696 1945 7529 0
188 9464 9.155250405658222 1946 7518 0
189 9474 9.156306483483696 1952 7522 0
190 9483 9.157256000883727 1962 7521 0
191 9487 9.157677719392877 1966 7521 0
192 9482 9.157150543462064 1971 7511 0
193 9483 9.157256000883727 1962 7521 0
194 9478 9.156728602527533 1955 7523 0
195 9461 9.154933364704444 1964 7497 0
196 9462 9.155039056191093 1957 7505 0
197 9457 9.154510487015513 1960 7497 0
198 9455 9.154298981092557 1946 7509 0
199 9478 9.156728602527533 1968 7510 0
200 9468 9.155672970633875 1980 7488 0