#StageNum, TotalCellCount, StemCount, DiffCount, MutantCount
0 5 5 0 0 
1 8 5 2 0 
2 10 6 4 0 
3 13 7 6 0 
4 17 8 9 0 
5 19 8 10 0 
6 23 10 12 0 
7 26 11 15 0 
8 29 12 17 0 
9 33 13 19 0 
10 37 14 23 0 
11 42 16 25 0 
12 46 17 28 0 
13 50 19 31 0 
14 54 21 33 0 
15 59 22 36 0 
16 64 24 39 0 
17 69 26 42 0 
18 75 29 45 0 
19 80 31 49 0 
20 86 33 53 0 
21 92 37 55 0 
22 99 39 60 0 
23 106 42 63 0 
24 114 44 69 0 
25 121 48 72 0 
26 130 52 77 0 
27 138 54 84 0 
28 147 57 90 0 
29 156 60 96 0 
30 166 63 102 0 
31 175 68 107 0 
32 185 72 112 0 
33 195 77 118 0 
34 206 80 126 0 
35 217 84 132 0 
36 228 89 138 0 
37 239 93 145 0 
38 250 98 152 0 
39 262 102 159 0 
40 275 109 166 0 
41 288 114 174 0 
42 301 118 183 0 
43 314 123 190 0 
44 326 127 199 0 
45 340 133 207 0 
46 354 138 215 0 
47 368 145 223 0 
48 383 152 230 0 
49 399 158 241 0 
50 413 162 250 0 
51 430 171 258 0 
52 447 179 267 0 
53 463 185 278 0 
54 481 192 288 0 
55 498 197 300 0 
56 514 203 311 0 
57 533 212 321 0 
58 552 220 332 0 
59 571 228 342 0 
60 591 239 352 0 
61 612 246 365 0 
62 632 253 378 0 
63 651 262 389 0 
64 672 270 401 0 
65 693 278 414 0 
66 714 287 426 0 
67 736 296 439 0 
68 760 305 454 0 
69 782 314 467 0 
70 805 324 480 0 
71 828 334 493 0 
72 852 344 507 0 
73 877 351 525 0 
74 901 362 539 0 
75 925 368 556 0 
76 948 380 568 0 
77 972 390 581 0 
78 997 399 598 0 
79 1022 407 615 0 
80 1049 416 632 0 
81 1076 427 648 0 
82 1102 438 664 0 
83 1129 451 678 0 
84 1156 462 693 0 
85 1185 474 711 0 
86 1214 485 728 0 
87 1242 493 748 0 
88 1272 508 763 0 
89 1300 519 780 0 
90 1329 531 797 0 
91 1360 544 816 0 
92 1393 561 832 0 
93 1425 574 850 0 
94 1457 591 865 0 
95 1490 601 889 0 
96 1523 618 905 0 
97 1555 632 922 0 
98 1589 639 949 0 
99 1622 656 966 0 
100 1656 670 985 0 
101 1691 680 1010 0 
102 1726 694 1031 0 
103 1762 709 1052 0 
104 1798 724 1074 0 
105 1833 735 1098 0 
106 1871 753 1118 0 
107 1910 773 1136 0 
108 1947 786 1161 0 
109 1985 804 1181 0 
110 2024 817 1206 0 
111 2063 833 1229 0 
112 2102 852 1249 0 
113 2141 867 1273 0 
114 2181 884 1296 0 
115 2220 900 1320 0 
116 2261 918 1342 0 
117 2303 935 1368 0 
118 2344 951 1393 0 
119 2385 963 1422 0 
120 2427 983 1444 0 
121 2470 1002 1467 0 
122 2510 1012 1498 0 
123 2553 1031 1521 0 
124 2595 1046 1548 0 
125 2638 1063 1574 0 
126 2680 1080 1599 0 
127 2720 1096 1623 0 
128 2761 1117 1643 0 
129 2803 1135 1668 0 
130 2845 1154 1690 0 
131 2887 1166 1720 0 
132 2930 1186 1744 0 
133 2972 1204 1767 0 
134 3014 1214 1799 0 
135 3053 1225 1828 0 
136 3097 1247 1849 0 
137 3139 1264 1874 0 
138 3178 1279 1899 0 
139 3219 1298 1920 0 
140 3258 1313 1944 0 
141 3297 1329 1968 0 
142 3338 1344 1994 0 
143 3377 1359 2017 0 
144 3416 1371 2044 0 
145 3454 1391 2063 0 
146 3492 1407 2085 0 
147 3530 1423 2107 0 
148 3568 1444 2123 0 
149 3609 1461 2147 0 
150 3647 1478 2169 0 
151 3684 1497 2187 0 
152 3721 1503 2218 0 
153 3758 1513 2244 0 
154 3795 1536 2258 0 
155 3831 1559 2272 0 
156 3868 1574 2294 0 
157 3905 1593 2311 0 
158 3940 1601 2338 0 
159 3974 1619 2355 0 
160 4007 1633 2373 0 
161 4040 1646 2393 0 
162 4070 1655 2415 0 
163 4101 1672 2428 0 
164 4134 1678 2456 0 
165 4164 1690 2473 0 
166 4194 1700 2493 0 
167 4224 1713 2510 0 
168 4254 1723 2531 0 
169 4283 1734 2549 0 
170 4313 1749 2564 0 
171 4342 1760 2582 0 
172 4368 1770 2598 0 
173 4396 1779 2617 0 
174 4422 1781 2640 0 
175 4448 1802 2646 0 
176 4473 1818 2655 0 
177 4498 1827 2671 0 
178 4524 1833 2690 0 
179 4549 1845 2704 0 
180 4570 1856 2713 0 
181 4592 1862 2729 0 
182 4616 1867 2748 0 
183 4639 1876 2763 0 
184 4662 1888 2773 0 
185 4685 1895 2789 0 
186 4709 1905 2803 0 
187 4730 1918 2811 0 
188 4755 1924 2831 0 
189 4776 1929 2847 0 
190 4798 1943 2854 0 
191 4820 1948 2872 0 
192 4842 1959 2882 0 
193 4864 1967 2896 0 
194 4885 1975 2909 0 
195 4906 1981 2925 0 
196 4927 2000 2926 0 
197 4948 2015 2932 0 
198 4967 2018 2949 0 
199 4990 2029 2960 0 
200 5011 2037 2974 0 
201 5032 2051 2981 0 
202 5052 2053 2998 0 
203 5073 2067 3005 0 
204 5094 2074 3020 0 
205 5115 2081 3033 0 
206 5134 2081 3052 0 
207 5154 2091 3062 0 
208 5172 2095 3077 0 
209 5192 2108 3083 0 
210 5211 2113 3097 0 
211 5228 2117 3111 0 
212 5248 2121 3127 0 
213 5267 2123 3144 0 
214 5285 2137 3147 0 
215 5302 2144 3157 0 
216 5323 2156 3166 0 
217 5341 2165 3176 0 
218 5359 2166 3193 0 
219 5378 2176 3201 0 
220 5398 2183 3214 0 
221 5416 2191 3224 0 
222 5433 2202 3231 0 
223 5450 2205 3244 0 
224 5466 2208 3258 0 
225 5484 2216 3268 0 
226 5504 2220 3283 0 
227 5522 2238 3283 0 
228 5540 2244 3296 0 
229 5557 2258 3298 0 
230 5575 2268 3306 0 
231 5593 2266 3326 0 
232 5612 2275 3336 0 
233 5629 2281 3348 0 
234 5648 2282 3366 0 
235 5668 2294 3374 0 
236 5684 2296 3387 0 
237 5701 2301 3399 0 
238 5716 2308 3407 0 
239 5734 2316 3418 0 
240 5750 2327 3423 0 
241 5768 2338 3429 0 
242 5785 2342 3443 0 
243 5802 2356 3446 0 
244 5818 2357 3461 0 
245 5837 2365 3471 0 
246 5854 2373 3480 0 
247 5871 2375 3495 0 
248 5887 2376 3510 0 
249 5904 2384 3520 0 
250 5920 2394 3525 0 
251 5937 2399 3538 0 
252 5954 2407 3547 0 
253 5972 2409 3563 0 
254 5987 2425 3562 0 
255 6004 2432 3571 0 
256 6020 2436 3584 0 
257 6034 2446 3588 0 
258 6049 2455 3593 0 
259 6066 2463 3603 0 
260 6082 2469 3613 0 
261 6098 2476 3621 0 
262 6114 2494 3620 0 
263 6131 2491 3640 0 
264 6147 2494 3653 0 
265 6164 2491 3672 0 
266 6178 2506 3672 0 
267 6194 2520 3673 0 
268 6209 2521 3688 0 
269 6225 2529 3696 0 
270 6240 2535 3705 0 
271 6255 2536 3719 0 
272 6272 2546 3725 0 
273 6285 2543 3742 0 
274 6300 2549 3750 0 
275 6314 2560 3753 0 
276 6330 2563 3766 0 
277 6344 2567 3776 0 
278 6361 2570 3790 0 
279 6376 2581 3794 0 
280 6389 2585 3804 0 
281 6401 2587 3814 0 
282 6416 2599 3816 0 
283 6430 2606 3823 0 
284 6444 2614 3830 0 
285 6458 2622 3836 0 
286 6471 2632 3839 0 
287 6486 2627 3859 0 
288 6502 2627 3874 0 
289 6515 2636 3878 0 
290 6527 2642 3885 0 
291 6543 2649 3893 0 
292 6557 2658 3898 0 
293 6570 2655 3914 0 
294 6584 2663 3921 0 
295 6597 2665 3931 0 
296 6610 2674 3935 0 
297 6623 2685 3937 0 
298 6634 2695 3939 0 
299 6648 2710 3938 0 
300 6663 2717 3946 0 
301 6675 2718 3957 0 
302 6689 2724 3964 0 
303 6701 2722 3979 0 
304 6714 2722 3992 0 
305 6725 2722 4003 0 
306 6736 2726 4009 0 
307 6749 2730 4018 0 
308 6760 2727 4032 0 
309 6770 2737 4033 0 
310 6781 2735 4045 0 
311 6792 2745 4047 0 
312 6803 2755 4047 0 
313 6814 2752 4062 0 
314 6825 2765 4060 0 
315 6836 2775 4060 0 
316 6848 2775 4072 0 
317 6859 2784 4074 0 
318 6868 2785 4082 0 
319 6878 2784 4094 0 
320 6888 2785 4102 0 
321 6897 2788 4108 0 
322 6909 2794 4114 0 
323 6919 2800 4119 0 
324 6932 2813 4118 0 
325 6941 2814 4127 0 
326 6953 2819 4134 0 
327 6963 2817 4145 0 
328 6974 2817 4157 0 
329 6985 2819 4166 0 
330 6996 2831 4164 0 
331 7007 2832 4174 0 
332 7015 2839 4175 0 
333 7027 2850 4177 0 
334 7035 2857 4177 0 
335 7043 2853 4189 0 
336 7052 2856 4195 0 
337 7061 2861 4199 0 
338 7070 2865 4204 0 
339 7078 2865 4212 0 
340 7088 2864 4223 0 
341 7096 2870 4225 0 
342 7107 2880 4226 0 
343 7119 2886 4232 0 
344 7126 2891 4235 0 
345 7135 2887 4247 0 
346 7146 2882 4264 0 
347 7154 2887 4266 0 
348 7163 2898 4265 0 
349 7171 2895 4276 0 
350 7180 2911 4269 0 
351 7187 2920 4267 0 
352 7196 2924 4271 0 
353 7205 2927 4277 0 
354 7213 2935 4277 0 
355 7222 2940 4281 0 
356 7227 2936 4291 0 
357 7236 2932 4303 0 
358 7244 2938 4306 0 
359 7252 2935 4316 0 
360 7259 2951 4308 0 
361 7267 2955 4312 0 
362 7276 2952 4323 0 
363 7284 2953 4330 0 
364 7292 2957 4334 0 
365 7299 2960 4339 0 
366 7307 2964 4342 0 
367 7314 2966 4348 0 
368 7321 2973 4348 0 
369 7328 2976 4352 0 
370 7337 2979 4357 0 
371 7345 2983 4362 0 
372 7352 2983 4368 0 
373 7361 2994 4366 0 
374 7368 2992 4376 0 
375 7376 2994 4382 0 
376 7384 2995 4388 0 
377 7390 3001 4389 0 
378 7397 3002 4395 0 
379 7403 3011 4392 0 
380 7409 3008 4401 0 
381 7416 3009 4406 0 
382 7421 3007 4413 0 
383 7428 3017 4411 0 
384 7435 3018 4417 0 
385 7441 3016 4425 0 
386 7446 3019 4426 0 
387 7454 3023 4430 0 
388 7460 3036 4424 0 
389 7468 3035 4432 0 
390 7474 3041 4433 0 
391 7481 3042 4439 0 
392 7487 3034 4452 0 
393 7493 3040 4452 0 
394 7498 3043 4455 0 
395 7505 3047 4457 0 
396 7509 3056 4453 0 
397 7517 3055 4461 0 
398 7522 3066 4456 0 
399 7531 3067 4463 0 
400 7538 3073 4465 0 
401 7545 3070 4475 0 
402 7551 3069 4481 0 
403 7557 3071 4486 0 
404 7560 3072 4487 0 
405 7565 3078 4486 0 
406 7571 3078 4493 0 
407 7578 3081 4497 0 
408 7584 3084 4500 0 
409 7589 3079 4509 0 
410 7595 3078 4516 0 
411 7601 3076 4524 0 
412 7605 3080 4525 0 
413 7611 3081 4530 0 
414 7616 3089 4527 0 
415 7621 3092 4528 0 
416 7624 3095 4528 0 
417 7628 3097 4531 0 
418 7635 3104 4530 0 
419 7642 3111 4531 0 
420 7648 3111 4536 0 
421 7654 3105 4549 0 
422 7661 3109 4551 0 
423 7666 3109 4557 0 
424 7672 3118 4554 0 
425 7678 3118 4559 0 
426 7683 3115 4568 0 
427 7690 3118 4572 0 
428 7695 3123 4571 0 
429 7699 3136 4563 0 
430 7705 3137 4567 0 
431 7710 3135 4574 0 
432 7716 3144 4571 0 
433 7721 3137 4583 0 
434 7727 3131 4595 0 
435 7733 3132 4600 0 
436 7735 3137 4598 0 
437 7741 3134 4607 0 
438 7746 3141 4604 0 
439 7750 3142 4607 0 
440 7756 3142 4614 0 
441 7761 3147 4614 0 
442 7766 3147 4618 0 
443 7772 3158 4614 0 
444 7777 3155 4621 0 
445 7779 3161 4618 0 
446 7786 3172 4613 0 
447 7791 3170 4621 0 
448 7797 3179 4617 0 
449 7802 3172 4630 0 
450 7807 3182 4625 0 
451 7813 3187 4625 0 
452 7817 3179 4638 0 
453 7821 3176 4644 0 
454 7825 3176 4648 0 
455 7831 3183 4647 0 
456 7837 3184 4652 0 
457 7841 3186 4654 0 
458 7845 3180 4665 0 
459 7849 3177 4672 0 
460 7855 3179 4676 0 
461 7859 3182 4677 0 
462 7864 3181 4682 0 
463 7870 3193 4677 0 
464 7873 3193 4680 0 
465 7877 3188 4689 0 
466 7880 3188 4691 0 
467 7885 3197 4687 0 
468 7891 3201 4689 0 
469 7895 3204 4690 0 
470 7898 3206 4692 0 
471 7903 3199 4703 0 
472 7908 3206 4702 0 
473 7911 3211 4699 0 
474 7916 3216 4700 0 
475 7920 3213 4707 0 
476 7926 3214 4712 0 
477 7931 3210 4720 0 
478 7933 3223 4710 0 
479 7935 3225 4709 0 
480 7937 3227 4709 0 
481 7940 3224 4715 0 
482 7943 3217 4725 0 
483 7947 3221 4726 0 
484 7950 3220 4729 0 
485 7955 3222 4733 0 
486 7959 3221 4738 0 
487 7962 3219 4742 0 
488 7964 3225 4738 0 
489 7969 3220 4749 0 
490 7972 3226 4746 0 
491 7975 3227 4748 0 
492 7977 3230 4747 0 
493 7984 3233 4751 0 
494 7987 3234 4752 0 
495 7992 3236 4755 0 
496 7996 3245 4750 0 
497 8000 3247 4753 0 
498 8002 3250 4752 0 
499 8007 3254 4753 0 
500 8010 3259 4751 0 
501 8014 3266 4747 0 
502 8016 3268 4747 0 
503 8019 3256 4763 0 
504 8022 3252 4770 0 
505 8025 3260 4765 0 
506 8028 3269 4758 0 
507 8034 3272 4761 0 
508 8037 3277 4760 0 
509 8038 3274 4764 0 
510 8041 3277 4764 0 
511 8042 3268 4774 0 
512 8045 3272 4773 0 
513 8049 3277 4772 0 
514 8054 3278 4775 0 
515 8058 3274 4783 0 
516 8059 3277 4782 0 
517 8062 3279 4783 0 
518 8065 3274 4790 0 
519 8068 3265 4802 0 
520 8072 3274 4798 0 
521 8074 3280 4793 0 
522 8075 3276 4799 0 
523 8079 3282 4797 0 
524 8081 3277 4804 0 
525 8084 3285 4799 0 
526 8090 3285 4805 0 
527 8093 3282 4811 0 
528 8095 3278 4817 0 
529 8097 3285 4811 0 
530 8099 3285 4813 0 
531 8103 3293 4809 0 
532 8104 3291 4813 0 
533 8108 3281 4827 0 
534 8109 3290 4819 0 
535 8113 3301 4812 0 
536 8113 3299 4814 0 
537 8115 3296 4818 0 
538 8118 3301 4817 0 
539 8121 3299 4821 0 
540 8124 3300 4823 0 
541 8128 3303 4825 0 
542 8130 3301 4828 0 
543 8132 3301 4830 0 
544 8134 3305 4829 0 
545 8135 3311 4823 0 
546 8141 3316 4824 0 
547 8142 3314 4828 0 
548 8146 3314 4832 0 
549 8149 3313 4835 0 
550 8151 3316 4835 0 
551 8154 3317 4837 0 
552 8156 3317 4839 0 
553 8158 3315 4842 0 
554 8159 3327 4832 0 
555 8163 3332 4830 0 
556 8165 3329 4836 0 
557 8166 3319 4847 0 
558 8168 3315 4852 0 
559 8171 3313 4858 0 
560 8173 3323 4849 0 
561 8175 3327 4848 0 
562 8177 3329 4847 0 
563 8180 3330 4850 0 
564 8181 3331 4850 0 
565 8183 3331 4852 0 
566 8184 3317 4866 0 
567 8186 3321 4865 0 
568 8188 3324 4864 0 
569 8189 3328 4861 0 
570 8191 3334 4856 0 
571 8191 3321 4870 0 
572 8194 3322 4872 0 
573 8194 3325 4869 0 
574 8193 3329 4864 0 
575 8196 3331 4865 0 
576 8199 3336 4862 0 
577 8200 3332 4868 0 
578 8204 3329 4875 0 
579 8207 3339 4867 0 
580 8209 3340 4869 0 
581 8209 3331 4877 0 
582 8209 3343 4866 0 
583 8208 3337 4871 0 
584 8211 3342 4868 0 
585 8211 3339 4872 0 
586 8213 3347 4865 0 
587 8215 3350 4865 0 
588 8218 3346 4872 0 
589 8219 3340 4878 0 
590 8218 3332 4886 0 
591 8219 3324 4894 0 
592 8220 3319 4900 0 
593 8222 3322 4899 0 
594 8223 3328 4895 0 
595 8222 3323 4899 0 
596 8227 3322 4904 0 
597 8225 3317 4907 0 
598 8227 3327 4899 0 
599 8227 3333 4893 0 
600 8228 3331 4896 0 
601 8229 3337 4892 0 
602 8232 3336 4896 0 
603 8235 3341 4893 0 
604 8234 3345 4888 0 
605 8235 3345 4890 0 
606 8237 3348 4888 0 
607 8239 3343 4896 0 
608 8239 3342 4897 0 
609 8240 3337 4903 0 
610 8240 3344 4895 0 
611 8239 3342 4897 0 
612 8239 3347 4891 0 
613 8241 3353 4888 0 
614 8242 3350 4891 0 
615 8243 3342 4901 0 
616 8244 3347 4896 0 
617 8245 3347 4897 0 
618 8244 3348 4896 0 
619 8245 3342 4903 0 
620 8246 3345 4901 0 
621 8246 3340 4906 0 
622 8248 3339 4908 0 
623 8249 3341 4908 0 
624 8251 3336 4914 0 
625 8251 3349 4901 0 
626 8252 3344 4907 0 
627 8252 3340 4911 0 
628 8252 3349 4902 0 
629 8251 3348 4903 0 
630 8255 3347 4907 0 
631 8255 3350 4904 0 
632 8252 3356 4895 0 
633 8252 3347 4905 0 
634 8253 3360 4893 0 
635 8255 3356 4898 0 
636 8255 3346 4908 0 
637 8254 3338 4916 0 
638 8257 3345 4912 0 
639 8256 3350 4906 0 
640 8258 3360 4897 0 
641 8259 3359 4899 0 
642 8257 3351 4906 0 
643 8257 3352 4905 0 
644 8259 3350 4909 0 
645 8262 3359 4902 0 
646 8263 3352 4911 0 
647 8264 3347 4916 0 
648 8264 3353 4910 0 
649 8265 3360 4904 0 
650 8266 3361 4905 0 
651 8267 3365 4901 0 
652 8269 3363 4906 0 
653 8269 3364 4905 0 
654 8268 3360 4908 0 
655 8269 3355 4913 0 
656 8270 3352 4917 0 
657 8271 3357 4913 0 
658 8271 3370 4900 0 
659 8272 3370 4902 0 
660 8273 3372 4901 0 
661 8273 3371 4901 0 
662 8273 3369 4904 0 
663 8272 3362 4910 0 
664 8274 3366 4908 0 
665 8273 3371 4902 0 
666 8273 3369 4903 0 
667 8274 3368 4905 0 
668 8273 3373 4900 0 
669 8272 3369 4903 0 
670 8274 3372 4901 0 
671 8275 3366 4909 0 
672 8278 3368 4910 0 
673 8276 3367 4908 0 
674 8276 3369 4907 0 
675 8278 3364 4913 0 
676 8279 3366 4913 0 
677 8280 3357 4922 0 
678 8279 3361 4918 0 
679 8279 3366 4912 0 
680 8280 3365 4915 0 
681 8280 3362 4917 0 
682 8280 3358 4922 0 
683 8279 3364 4914 0 
684 8280 3364 4915 0 
685 8277 3352 4925 0 
686 8278 3356 4921 0 
687 8279 3362 4917 0 
688 8279 3357 4921 0 
689 8279 3364 4914 0 
690 8279 3362 4917 0 
691 8278 3361 4917 0 
692 8278 3356 4921 0 
693 8280 3345 4934 0 
694 8282 3359 4922 0 
695 8283 3365 4917 0 
696 8283 3372 4911 0 
697 8284 3372 4911 0 
698 8282 3376 4906 0 
699 8282 3371 4910 0 
700 8284 3366 4917 0 
701 8284 3356 4927 0 
702 8285 3367 4917 0 
703 8285 3361 4923 0 
704 8284 3363 4921 0 
705 8285 3367 4917 0 
706 8284 3370 4913 0 
707 8286 3366 4919 0 
708 8286 3367 4918 0 
709 8285 3368 4917 0 
710 8285 3365 4920 0 
711 8286 3365 4921 0 
712 8285 3368 4917 0 
713 8286 3373 4913 0 
714 8287 3379 4908 0 
715 8288 3371 4917 0 
716 8287 3366 4920 0 
717 8286 3362 4924 0 
718 8286 3357 4928 0 
719 8286 3359 4927 0 
720 8284 3360 4923 0 
721 8284 3369 4914 0 
722 8288 3366 4921 0 
723 8286 3371 4915 0 
724 8286 3371 4915 0 
725 8287 3369 4917 0 
726 8286 3370 4916 0 
727 8286 3364 4921 0 
728 8287 3360 4926 0 
729 8288 3360 4928 0 
730 8286 3359 4926 0 
731 8287 3355 4931 0 
732 8287 3365 4921 0 
733 8287 3364 4922 0 
734 8286 3369 4917 0 
735 8286 3368 4917 0 
736 8286 3371 4915 0 
737 8288 3378 4910 0 
738 8289 3366 4923 0 
739 8288 3371 4917 0 
740 8290 3368 4921 0 
741 8289 3376 4913 0 
742 8289 3384 4904 0 
743 8291 3377 4913 0 
744 8292 3366 4925 0 
745 8291 3375 4915 0 
746 8290 3375 4914 0 
747 8290 3384 4906 0 
748 8289 3371 4918 0 
749 8287 3374 4912 0 
750 8289 3382 4907 0 
751 8287 3375 4912 0 
752 8287 3368 4919 0 
753 8288 3375 4913 0 
754 8289 3374 4915 0 
755 8290 3372 4918 0 
756 8289 3369 4920 0 
757 8288 3368 4919 0 
758 8287 3360 4926 0 
759 8290 3355 4934 0 
760 8288 3353 4935 0 
761 8288 3352 4936 0 
762 8288 3362 4926 0 
763 8288 3356 4931 0 
764 8288 3357 4930 0 
765 8286 3349 4937 0 
766 8286 3363 4922 0 
767 8285 3365 4920 0 
768 8283 3360 4923 0 
769 8285 3358 4927 0 
770 8286 3357 4929 0 
771 8288 3365 4922 0 
772 8288 3368 4919 0 
773 8286 3365 4921 0 
774 8287 3370 4916 0 
775 8285 3363 4921 0 
776 8285 3358 4926 0 
777 8285 3352 4933 0 
778 8285 3357 4928 0 
779 8283 3357 4926 0 
780 8286 3358 4927 0 
781 8284 3352 4932 0 
782 8284 3350 4934 0 
783 8283 3358 4924 0 
784 8286 3366 4920 0 
785 8287 3369 4918 0 
786 8287 3374 4913 0 
787 8288 3362 4926 0 
788 8288 3364 4923 0 
789 8287 3360 4926 0 
790 8288 3367 4921 0 
791 8289 3355 4934 0 
792 8289 3348 4941 0 
793 8286 3358 4928 0 
794 8288 3361 4926 0 
795 8287 3358 4928 0 
796 8289 3361 4927 0 
797 8290 3367 4922 0 
798 8291 3369 4921 0 
799 8289 3369 4919 0 
800 8289 3362 4926 0 
801 8287 3365 4921 0 
802 8285 3360 4925 0 
803 8283 3362 4921 0 
804 8285 3366 4918 0 
805 8287 3364 4922 0 
806 8286 3363 4922 0 
807 8288 3370 4918 0 
808 8290 3369 4920 0 
809 8291 3365 4925 0 
810 8289 3366 4922 0 
811 8290 3371 4919 0 
812 8290 3373 4917 0 
813 8288 3369 4919 0 
814 8287 3363 4924 0 
815 8289 3368 4921 0 
816 8288 3369 4918 0 
817 8290 3366 4923 0 
818 8290 3371 4919 0 
819 8290 3365 4924 0 
820 8291 3363 4928 0 
821 8290 3356 4933 0 
822 8291 3365 4925 0 
823 8291 3371 4919 0 
824 8290 3370 4920 0 
825 8289 3369 4920 0 
826 8290 3370 4919 0 
827 8290 3371 4919 0 
828 8291 3367 4924 0 
829 8289 3371 4918 0 
830 8291 3378 4912 0 
831 8291 3376 4915 0 
832 8292 3378 4913 0 
833 8291 3377 4913 0 
834 8291 3383 4907 0 
835 8289 3380 4908 0 
836 8289 3381 4907 0 
837 8289 3378 4910 0 
838 8288 3371 4916 0 
839 8290 3379 4911 0 
840 8292 3369 4922 0 
841 8294 3375 4918 0 
842 8294 3368 4925 0 
843 8292 3370 4921 0 
844 8291 3367 4923 0 
845 8292 3363 4928 0 
846 8291 3371 4919 0 
847 8290 3370 4919 0 
848 8288 3368 4919 0 
849 8289 3372 4916 0 
850 8289 3378 4911 0 
851 8289 3382 4907 0 
852 8288 3372 4916 0 
853 8290 3372 4917 0 
854 8290 3367 4922 0 
855 8290 3365 4924 0 
856 8291 3361 4929 0 
857 8289 3368 4921 0 
858 8290 3366 4924 0 
859 8290 3374 4916 0 
860 8291 3363 4927 0 
861 8289 3367 4922 0 
862 8289 3359 4930 0 
863 8291 3364 4926 0 
864 8291 3365 4926 0 
865 8291 3360 4931 0 
866 8292 3361 4930 0 
867 8290 3350 4939 0 
868 8289 3357 4932 0 
869 8288 3364 4924 0 
870 8290 3370 4919 0 
871 8288 3366 4921 0 
872 8286 3360 4925 0 
873 8288 3364 4923 0 
874 8288 3363 4924 0 
875 8287 3358 4928 0 
876 8286 3359 4927 0 
877 8287 3359 4928 0 
878 8286 3362 4923 0 
879 8288 3359 4929 0 
880 8290 3351 4938 0 
881 8288 3344 4943 0 
882 8288 3341 4946 0 
883 8285 3353 4932 0 
884 8285 3355 4930 0 
885 8285 3353 4931 0 
886 8285 3348 4936 0 
887 8286 3353 4933 0 
888 8285 3350 4935 0 
889 8284 3357 4927 0 
890 8288 3361 4927 0 
891 8287 3364 4923 0 
892 8288 3374 4914 0 
893 8288 3371 4917 0 
894 8288 3372 4916 0 
895 8287 3378 4908 0 
896 8288 3375 4913 0 
897 8289 3376 4913 0 
898 8289 3376 4912 0 
899 8290 3378 4912 0 
900 8291 3370 4921 0 
901 8289 3369 4920 0 
902 8291 3369 4921 0 
903 8291 3362 4928 0 
904 8292 3360 4931 0 
905 8293 3361 4931 0 
906 8291 3358 4932 0 
907 8291 3356 4934 0 
908 8291 3358 4933 0 
909 8290 3358 4932 0 
910 8289 3367 4921 0 
911 8289 3359 4929 0 
912 8289 3360 4929 0 
913 8289 3365 4924 0 
914 8288 3361 4926 0 
915 8289 3364 4924 0 
916 8289 3364 4924 0 
917 8289 3366 4923 0 
918 8288 3367 4921 0 
919 8289 3382 4906 0 
920 8288 3374 4914 0 
921 8289 3375 4913 0 
922 8291 3369 4921 0 
923 8290 3365 4925 0 
924 8289 3363 4925 0 
925 8289 3356 4932 0 
926 8289 3353 4935 0 
927 8289 3355 4933 0 
928 8289 3364 4924 0 
929 8288 3354 4934 0 
930 8289 3358 4931 0 
931 8288 3361 4926 0 
932 8287 3360 4927 0 
933 8288 3363 4925 0 
934 8288 3354 4933 0 
935 8285 3350 4935 0 
936 8285 3348 4936 0 
937 8287 3354 4933 0 
938 8288 3358 4929 0 
939 8287 3352 4935 0 
940 8287 3356 4931 0 
941 8287 3364 4922 0 
942 8288 3372 4915 0 
943 8289 3372 4917 0 
944 8290 3372 4918 0 
945 8290 3371 4918 0 
946 8290 3355 4934 0 
947 8289 3361 4928 0 
948 8289 3365 4923 0 
949 8289 3365 4924 0 
950 8289 3360 4929 0 
951 8289 3364 4925 0 
952 8289 3357 4932 0 
953 8290 3361 4929 0 
954 8290 3358 4931 0 
955 8289 3356 4932 0 
956 8289 3356 4933 0 
957 8287 3357 4930 0 
958 8288 3358 4929 0 
959 8286 3352 4933 0 
960 8285 3349 4935 0 
961 8286 3359 4927 0 
962 8286 3358 4927 0 
963 8287 3355 4931 0 
964 8287 3352 4934 0 
965 8287 3352 4935 0 
966 8287 3364 4923 0 
967 8288 3359 4928 0 
968 8288 3361 4926 0 
969 8287 3363 4924 0 
970 8289 3368 4920 0 
971 8289 3364 4924 0 
972 8289 3369 4920 0 
973 8289 3364 4925 0 
974 8290 3369 4920 0 
975 8290 3366 4923 0 
976 8292 3357 4935 0 
977 8291 3365 4925 0 
978 8291 3351 4939 0 
979 8290 3361 4929 0 
980 8289 3359 4930 0 
981 8290 3363 4927 0 
982 8290 3359 4930 0 
983 8290 3369 4921 0 
984 8288 3375 4913 0 
985 8288 3380 4908 0 
986 8290 3382 4907 0 
987 8288 3381 4907 0 
988 8290 3376 4913 0 
989 8290 3379 4910 0 
990 8290 3380 4910 0 
991 8290 3376 4913 0 
992 8291 3374 4916 0 
993 8290 3372 4918 0 
994 8288 3372 4916 0 
995 8287 3380 4906 0 
996 8287 3371 4915 0 
997 8286 3365 4920 0 
998 8287 3357 4930 0 
999 8286 3353 4932 0 
