#StageNum, TotalCellCount, StemCount, DiffCount, MutantCount
0 5 5 0 0 
1 12 8 3 0 
2 23 13 9 0 
3 40 22 18 0 
4 68 36 32 0 
5 113 58 54 0 
6 183 93 89 0 
7 294 150 144 0 
8 470 237 233 0 
9 738 369 368 0 
10 1127 563 564 0 
11 1672 832 839 0 
12 2388 1190 1197 0 
13 3275 1629 1645 0 
14 4279 2132 2147 0 
15 5322 2654 2667 0 
16 6321 3152 3169 0 
17 7202 3589 3613 0 
18 7929 3947 3981 0 
19 8494 4224 4269 0 
20 8908 4425 4483 0 
21 9198 4567 4631 0 
22 9397 4658 4739 0 
23 9528 4715 4812 0 
24 9615 4753 4862 0 
25 9668 4771 4896 0 
26 9701 4780 4921 0 
27 9723 4787 4936 0 
28 9738 4790 4948 0 
29 9746 4786 4960 0 
30 9750 4783 4967 0 
31 9755 4778 4977 0 
32 9756 4773 4983 0 
33 9759 4768 4991 0 
34 9761 4763 4998 0 
35 9760 4755 5005 0 
36 9761 4749 5011 0 
37 9761 4741 5019 0 
38 9760 4737 5023 0 
39 9761 4731 5030 0 
40 9761 4726 5035 0 
41 9763 4722 5040 0 
42 9761 4716 5045 0 
43 9760 4708 5052 0 
44 9760 4703 5057 0 
45 9759 4694 5064 0 
46 9758 4689 5069 0 
47 9758 4682 5075 0 
48 9757 4676 5080 0 
49 9757 4669 5088 0 
50 9753 4663 5090 0 
51 9753 4658 5094 0 
52 9752 4654 5097 0 
53 9754 4650 5104 0 
54 9753 4645 5108 0 
55 9752 4641 5111 0 
56 9751 4634 5117 0 
57 9752 4631 5120 0 
58 9752 4626 5125 0 
59 9752 4623 5129 0 
60 9752 4617 5134 0 
61 9751 4612 5139 0 
62 9749 4606 5143 0 
63 9752 4603 5148 0 
64 9752 4598 5153 0 
65 9752 4594 5157 0 
66 9751 4588 5163 0 
67 9751 4581 5169 0 
68 9750 4577 5172 0 
69 9748 4573 5175 0 
70 9750 4568 5182 0 
71 9750 4563 5186 0 
72 9750 4561 5189 0 
73 9750 4556 5193 0 
74 9748 4551 5197 0 
75 9748 4548 5200 0 
76 9746 4541 5204 0 
77 9747 4537 5209 0 
78 9749 4536 5212 0 
79 9749 4530 5219 0 
80 9749 4527 5222 0 
81 9749 4525 5224 0 
82 9748 4521 5227 0 
83 9749 4517 5231 0 
84 9748 4512 5236 0 
85 9749 4509 5239 0 
86 9749 4507 5242 0 
87 9750 4505 5245 0 
88 9750 4503 5247 0 
89 9751 4499 5251 0 
90 9748 4494 5253 0 
91 9748 4490 5258 0 
92 9748 4487 5260 0 
93 9750 4485 5264 0 
94 9749 4480 5268 0 
95 9747 4477 5270 0 
96 9747 4474 5272 0 
97 9747 4470 5276 0 
98 9746 4469 5277 0 
99 9746 4467 5279 0 
100 9746 4465 5280 0 
101 9748 4463 5284 0 
102 9747 4462 5285 0 
103 9744 4459 5284 0 
104 9744 4456 5288 0 
105 9746 4453 5292 0 
106 9747 4452 5295 0 
107 9747 4448 5298 0 
108 9746 4444 5301 0 
109 9749 4444 5304 0 
110 9747 4440 5306 0 
111 9745 4438 5306 0 
112 9744 4436 5307 0 
113 9743 4433 5310 0 
114 9744 4429 5314 0 
115 9744 4428 5315 0 
116 9742 4424 5317 0 
117 9741 4424 5316 0 
118 9741 4421 5319 0 
119 9743 4420 5322 0 
120 9743 4417 5326 0 
121 9744 4416 5328 0 
122 9746 4414 5331 0 
123 9746 4411 5335 0 
124 9745 4409 5336 0 
125 9745 4406 5339 0 
126 9746 4403 5343 0 
127 9745 4401 5343 0 
128 9743 4398 5344 0 
129 9746 4400 5345 0 
130 9745 4398 5347 0 
131 9745 4395 5349 0 
132 9745 4392 5353 0 
133 9745 4388 5357 0 
134 9744 4386 5358 0 
135 9742 4382 5359 0 
136 9741 4381 5360 0 
137 9743 4380 5363 0 
138 9742 4379 5363 0 
139 9742 4377 5365 0 
140 9743 4374 5369 0 
141 9741 4370 5371 0 
142 9742 4368 5373 0 
143 9740 4367 5373 0 
144 9741 4364 5377 0 
145 9742 4361 5380 0 
146 9743 4359 5383 0 
147 9741 4354 5386 0 
148 9742 4355 5386 0 
149 9741 4353 5388 0 
150 9741 4351 5389 0 
151 9738 4347 5390 0 
152 9740 4344 5395 0 
153 9738 4342 5395 0 
154 9738 4339 5398 0 
155 9740 4338 5401 0 
156 9738 4333 5404 0 
157 9738 4332 5405 0 
158 9737 4330 5407 0 
159 9736 4327 5408 0 
160 9737 4326 5410 0 
161 9736 4324 5412 0 
162 9740 4325 5415 0 
163 9740 4323 5417 0 
164 9743 4321 5421 0 
165 9742 4318 5424 0 
166 9739 4316 5423 0 
167 9739 4315 5423 0 
168 9739 4314 5424 0 
169 9739 4314 5424 0 
170 9738 4311 5426 0 
171 9738 4308 5430 0 
172 9737 4305 5432 0 
173 9737 4303 5434 0 
174 9737 4301 5436 0 
175 9739 4300 5438 0 
176 9739 4299 5439 0 
177 9737 4299 5438 0 
178 9738 4298 5440 0 
179 9738 4296 5441 0 
180 9739 4295 5444 0 
181 9738 4294 5444 0 
182 9738 4294 5444 0 
183 9737 4292 5445 0 
184 9740 4294 5446 0 
185 9738 4291 5446 0 
186 9736 4290 5446 0 
187 9735 4288 5446 0 
188 9736 4288 5448 0 
189 9735 4287 5447 0 
190 9735 4287 5447 0 
191 9735 4287 5448 0 
192 9737 4286 5450 0 
193 9737 4283 5453 0 
194 9738 4284 5453 0 
195 9737 4283 5453 0 
196 9736 4281 5455 0 
197 9737 4280 5456 0 
198 9738 4281 5456 0 
199 9737 4278 5458 0 
200 9738 4279 5458 0 
201 9738 4279 5459 0 
202 9738 4277 5461 0 
203 9736 4275 5460 0 
204 9737 4274 5463 0 
205 9735 4271 5463 0 
206 9737 4272 5465 0 
207 9735 4270 5465 0 
208 9737 4269 5467 0 
209 9738 4270 5467 0 
210 9738 4271 5467 0 
211 9738 4270 5468 0 
212 9737 4267 5470 0 
213 9739 4267 5472 0 
214 9738 4265 5472 0 
215 9738 4264 5474 0 
216 9740 4265 5475 0 
217 9742 4264 5477 0 
218 9740 4263 5477 0 
219 9739 4262 5476 0 
220 9737 4262 5475 0 
221 9737 4261 5475 0 
222 9736 4262 5473 0 
223 9734 4260 5474 0 
224 9733 4258 5474 0 
225 9732 4257 5474 0 
226 9734 4256 5477 0 
227 9734 4254 5480 0 
228 9737 4254 5482 0 
229 9736 4252 5483 0 
230 9734 4250 5484 0 
231 9734 4251 5482 0 
232 9736 4251 5485 0 
233 9737 4250 5486 0 
234 9737 4250 5487 0 
235 9738 4249 5488 0 
236 9738 4251 5487 0 
237 9738 4251 5487 0 
238 9738 4252 5485 0 
239 9739 4252 5487 0 
240 9734 4247 5486 0 
241 9735 4248 5487 0 
242 9735 4249 5486 0 
243 9736 4248 5487 0 
244 9733 4245 5487 0 
245 9734 4247 5487 0 
246 9735 4248 5487 0 
247 9735 4248 5486 0 
248 9736 4249 5487 0 
249 9735 4248 5486 0 
250 9735 4248 5486 0 
251 9735 4248 5486 0 
252 9734 4248 5486 0 
253 9736 4249 5486 0 
254 9736 4246 5489 0 
255 9737 4249 5487 0 
256 9736 4249 5487 0 
257 9735 4249 5486 0 
258 9735 4249 5485 0 
259 9736 4249 5487 0 
260 9733 4247 5486 0 
261 9733 4248 5485 0 
262 9734 4248 5485 0 
263 9735 4248 5487 0 
264 9735 4248 5487 0 
265 9737 4247 5489 0 
266 9737 4247 5490 0 
267 9735 4245 5490 0 
268 9738 4244 5494 0 
269 9736 4242 5493 0 
270 9737 4242 5494 0 
271 9735 4241 5493 0 
272 9734 4240 5494 0 
273 9734 4241 5493 0 
274 9735 4239 5496 0 
275 9735 4240 5495 0 
276 9736 4241 5495 0 
277 9736 4240 5495 0 
278 9734 4240 5493 0 
279 9735 4241 5494 0 
280 9733 4240 5492 0 
281 9734 4239 5494 0 
282 9732 4238 5494 0 
283 9734 4237 5496 0 
284 9733 4237 5496 0 
285 9734 4234 5499 0 
286 9733 4234 5498 0 
287 9732 4235 5497 0 
288 9733 4233 5500 0 
289 9734 4233 5501 0 
290 9734 4232 5502 0 
291 9735 4232 5503 0 
292 9735 4231 5503 0 
293 9734 4230 5504 0 
294 9734 4230 5504 0 
295 9734 4231 5503 0 
296 9733 4229 5504 0 
297 9734 4227 5506 0 
298 9734 4227 5507 0 
299 9733 4226 5506 0 
300 9733 4228 5505 0 
301 9733 4230 5503 0 
302 9733 4229 5504 0 
303 9733 4226 5506 0 
304 9733 4225 5508 0 
305 9733 4224 5508 0 
306 9735 4226 5508 0 
307 9735 4226 5509 0 
308 9734 4225 5508 0 
309 9734 4225 5508 0 
310 9734 4226 5507 0 
311 9734 4224 5509 0 
312 9734 4224 5510 0 
313 9735 4226 5508 0 
314 9733 4226 5507 0 
315 9733 4225 5507 0 
316 9734 4224 5509 0 
317 9735 4225 5510 0 
318 9737 4226 5511 0 
319 9737 4224 5512 0 
320 9735 4225 5509 0 
321 9734 4226 5508 0 
322 9734 4224 5510 0 
323 9733 4223 5509 0 
324 9734 4223 5511 0 
325 9734 4222 5512 0 
326 9734 4222 5511 0 
327 9734 4223 5510 0 
328 9733 4222 5511 0 
329 9733 4219 5514 0 
330 9732 4218 5514 0 
331 9733 4217 5515 0 
332 9733 4218 5514 0 
333 9732 4216 5516 0 
334 9732 4215 5517 0 
335 9732 4216 5516 0 
336 9733 4218 5514 0 
337 9735 4219 5515 0 
338 9733 4218 5514 0 
339 9734 4220 5514 0 
340 9734 4219 5515 0 
341 9732 4217 5514 0 
342 9733 4218 5515 0 
343 9732 4218 5514 0 
344 9733 4219 5514 0 
345 9730 4218 5512 0 
346 9731 4217 5513 0 
347 9734 4221 5513 0 
348 9734 4221 5512 0 
349 9733 4220 5512 0 
350 9732 4220 5512 0 
351 9733 4222 5510 0 
352 9734 4223 5511 0 
353 9733 4223 5510 0 
354 9733 4223 5509 0 
355 9736 4226 5510 0 
356 9734 4223 5511 0 
357 9734 4223 5511 0 
358 9734 4221 5512 0 
359 9733 4220 5513 0 
360 9732 4218 5513 0 
361 9732 4218 5514 0 
362 9734 4219 5514 0 
363 9735 4217 5517 0 
364 9733 4217 5515 0 
365 9734 4218 5516 0 
366 9735 4219 5515 0 
367 9732 4217 5514 0 
368 9731 4217 5514 0 
369 9733 4217 5516 0 
370 9735 4218 5517 0 
371 9736 4219 5516 0 
372 9733 4216 5516 0 
373 9733 4216 5516 0 
374 9732 4215 5516 0 
375 9730 4216 5514 0 
376 9729 4215 5514 0 
377 9730 4217 5512 0 
378 9732 4218 5514 0 
379 9735 4220 5515 0 
380 9735 4220 5515 0 
381 9733 4219 5514 0 
382 9733 4220 5512 0 
383 9732 4220 5512 0 
384 9731 4220 5511 0 
385 9733 4221 5512 0 
386 9733 4219 5513 0 
387 9732 4220 5512 0 
388 9732 4219 5513 0 
389 9731 4218 5512 0 
390 9734 4219 5515 0 
391 9736 4219 5517 0 
392 9735 4221 5514 0 
393 9736 4222 5513 0 
394 9736 4224 5512 0 
395 9735 4222 5512 0 
396 9734 4220 5513 0 
397 9735 4221 5514 0 
398 9734 4221 5512 0 
399 9733 4219 5513 0 
400 9733 4217 5515 0 
401 9735 4217 5517 0 
402 9733 4214 5518 0 
403 9733 4214 5518 0 
404 9733 4213 5519 0 
405 9732 4214 5518 0 
406 9731 4215 5516 0 
407 9731 4215 5515 0 
408 9731 4216 5514 0 
409 9733 4217 5516 0 
410 9732 4214 5518 0 
411 9731 4213 5518 0 
412 9732 4212 5519 0 
413 9732 4212 5519 0 
414 9732 4213 5519 0 
415 9733 4214 5518 0 
416 9733 4215 5517 0 
417 9734 4216 5517 0 
418 9733 4216 5516 0 
419 9734 4219 5514 0 
420 9735 4218 5516 0 
421 9733 4218 5514 0 
422 9734 4217 5517 0 
423 9734 4217 5517 0 
424 9735 4218 5516 0 
425 9734 4218 5516 0 
426 9734 4219 5514 0 
427 9736 4219 5516 0 
428 9737 4220 5516 0 
429 9736 4219 5516 0 
430 9735 4218 5516 0 
431 9735 4218 5517 0 
432 9735 4217 5517 0 
433 9733 4217 5516 0 
434 9733 4215 5517 0 
435 9733 4215 5518 0 
436 9731 4216 5515 0 
437 9730 4213 5516 0 
438 9731 4214 5516 0 
439 9733 4215 5517 0 
440 9731 4216 5515 0 
441 9732 4216 5516 0 
442 9731 4215 5516 0 
443 9731 4214 5517 0 
444 9732 4214 5517 0 
445 9730 4211 5518 0 
446 9731 4213 5518 0 
447 9732 4214 5518 0 
448 9732 4212 5520 0 
449 9734 4214 5520 0 
450 9734 4214 5520 0 
451 9733 4214 5519 0 
452 9735 4215 5520 0 
453 9734 4213 5520 0 
454 9734 4212 5522 0 
455 9735 4210 5524 0 
456 9733 4209 5523 0 
457 9731 4208 5523 0 
458 9731 4209 5521 0 
459 9732 4209 5522 0 
460 9732 4209 5523 0 
461 9732 4207 5524 0 
462 9731 4205 5526 0 
463 9734 4207 5527 0 
464 9733 4207 5526 0 
465 9734 4207 5526 0 
466 9734 4208 5525 0 
467 9735 4210 5524 0 
468 9733 4208 5525 0 
469 9733 4209 5523 0 
470 9733 4209 5524 0 
471 9731 4207 5523 0 
472 9729 4206 5523 0 
473 9731 4206 5524 0 
474 9730 4206 5524 0 
475 9731 4208 5522 0 
476 9733 4209 5523 0 
477 9735 4209 5526 0 
478 9736 4208 5528 0 
479 9734 4207 5527 0 
480 9734 4205 5528 0 
481 9733 4203 5529 0 
482 9733 4203 5529 0 
483 9734 4203 5530 0 
484 9734 4203 5531 0 
485 9734 4203 5530 0 
486 9734 4204 5530 0 
487 9733 4203 5529 0 
488 9731 4203 5528 0 
489 9729 4200 5529 0 
490 9729 4201 5527 0 
491 9731 4203 5527 0 
492 9731 4204 5526 0 
493 9732 4205 5527 0 
494 9734 4206 5527 0 
495 9733 4206 5526 0 
496 9732 4207 5525 0 
497 9733 4206 5526 0 
498 9733 4207 5526 0 
499 9733 4205 5528 0 
500 9734 4205 5529 0 
501 9732 4202 5530 0 
502 9735 4203 5532 0 
503 9733 4202 5530 0 
504 9732 4201 5531 0 
505 9732 4201 5530 0 
506 9734 4203 5531 0 
507 9736 4205 5530 0 
508 9733 4205 5527 0 
509 9733 4203 5530 0 
510 9731 4200 5531 0 
511 9732 4200 5531 0 
512 9730 4201 5529 0 
513 9732 4203 5528 0 
514 9733 4204 5529 0 
515 9734 4205 5529 0 
516 9734 4206 5528 0 
517 9733 4205 5528 0 
518 9732 4203 5528 0 
519 9732 4205 5526 0 
520 9732 4204 5527 0 
521 9733 4206 5527 0 
522 9731 4205 5525 0 
523 9731 4206 5525 0 
524 9732 4207 5524 0 
525 9733 4206 5527 0 
526 9734 4208 5526 0 
527 9735 4208 5526 0 
528 9734 4207 5526 0 
529 9733 4207 5525 0 
530 9732 4207 5525 0 
531 9732 4206 5526 0 
532 9732 4205 5527 0 
533 9733 4204 5529 0 
534 9732 4200 5531 0 
535 9733 4199 5534 0 
536 9733 4199 5534 0 
537 9734 4199 5534 0 
538 9733 4200 5533 0 
539 9733 4200 5532 0 
540 9732 4201 5531 0 
541 9732 4200 5531 0 
542 9734 4199 5534 0 
543 9734 4198 5535 0 
544 9734 4198 5536 0 
545 9734 4199 5535 0 
546 9736 4199 5536 0 
547 9734 4198 5535 0 
548 9733 4197 5535 0 
549 9732 4196 5535 0 
550 9734 4199 5534 0 
551 9735 4199 5535 0 
552 9733 4196 5536 0 
553 9733 4197 5535 0 
554 9734 4198 5535 0 
555 9732 4196 5536 0 
556 9730 4194 5535 0 
557 9730 4194 5535 0 
558 9729 4195 5534 0 
559 9731 4195 5536 0 
560 9732 4194 5537 0 
561 9733 4194 5539 0 
562 9733 4194 5538 0 
563 9733 4195 5537 0 
564 9731 4195 5536 0 
565 9731 4195 5535 0 
566 9732 4198 5534 0 
567 9733 4198 5534 0 
568 9731 4198 5533 0 
569 9731 4199 5531 0 
570 9730 4199 5531 0 
571 9732 4200 5532 0 
572 9734 4202 5531 0 
573 9736 4203 5532 0 
574 9735 4202 5533 0 
575 9733 4200 5532 0 
576 9734 4201 5532 0 
577 9734 4200 5533 0 
578 9733 4199 5533 0 
579 9732 4199 5533 0 
580 9732 4200 5532 0 
581 9731 4200 5530 0 
582 9732 4202 5529 0 
583 9734 4204 5529 0 
584 9736 4204 5531 0 
585 9735 4205 5530 0 
586 9734 4205 5529 0 
587 9734 4206 5528 0 
588 9736 4205 5530 0 
589 9735 4206 5528 0 
590 9733 4207 5526 0 
591 9732 4206 5526 0 
592 9732 4204 5527 0 
593 9732 4204 5528 0 
594 9735 4203 5531 0 
595 9733 4202 5530 0 
596 9733 4201 5532 0 
597 9733 4199 5533 0 
598 9733 4199 5534 0 
599 9734 4198 5535 0 
600 9734 4199 5534 0 
601 9733 4200 5532 0 
602 9734 4198 5535 0 
603 9731 4196 5534 0 
604 9731 4195 5535 0 
605 9732 4197 5535 0 
606 9732 4197 5534 0 
607 9731 4198 5532 0 
608 9730 4197 5532 0 
609 9731 4197 5534 0 
610 9732 4198 5533 0 
611 9732 4199 5533 0 
612 9732 4200 5532 0 
613 9732 4201 5531 0 
614 9730 4198 5531 0 
615 9731 4200 5531 0 
616 9733 4201 5532 0 
617 9734 4202 5532 0 
618 9733 4201 5531 0 
619 9734 4203 5531 0 
620 9733 4202 5530 0 
621 9732 4200 5531 0 
622 9731 4200 5530 0 
623 9731 4200 5531 0 
624 9733 4202 5531 0 
625 9733 4201 5532 0 
626 9733 4200 5532 0 
627 9732 4199 5533 0 
628 9732 4197 5534 0 
629 9732 4198 5534 0 
630 9732 4197 5534 0 
631 9731 4196 5534 0 
632 9732 4196 5535 0 
633 9731 4198 5533 0 
634 9731 4198 5533 0 
635 9733 4199 5533 0 
636 9733 4198 5535 0 
637 9732 4199 5532 0 
638 9731 4198 5533 0 
639 9730 4196 5533 0 
640 9732 4199 5533 0 
641 9732 4198 5534 0 
642 9732 4199 5533 0 
643 9732 4198 5534 0 
644 9733 4201 5532 0 
645 9732 4202 5530 0 
646 9733 4204 5528 0 
647 9733 4205 5527 0 
648 9734 4205 5529 0 
649 9732 4204 5527 0 
650 9733 4204 5528 0 
651 9732 4204 5528 0 
652 9732 4203 5528 0 
653 9732 4202 5530 0 
654 9732 4205 5527 0 
655 9732 4205 5526 0 
656 9733 4206 5526 0 
657 9733 4205 5527 0 
658 9731 4203 5527 0 
659 9731 4205 5525 0 
660 9732 4207 5524 0 
661 9733 4207 5525 0 
662 9732 4208 5524 0 
663 9731 4205 5525 0 
664 9730 4206 5524 0 
665 9732 4207 5524 0 
666 9731 4206 5525 0 
667 9732 4204 5527 0 
668 9731 4203 5527 0 
669 9733 4204 5529 0 
670 9733 4204 5529 0 
671 9732 4202 5530 0 
672 9732 4202 5530 0 
673 9733 4201 5532 0 
674 9733 4201 5531 0 
675 9732 4202 5530 0 
676 9730 4199 5530 0 
677 9731 4202 5529 0 
678 9732 4202 5529 0 
679 9731 4201 5530 0 
680 9730 4200 5529 0 
681 9730 4200 5530 0 
682 9732 4201 5530 0 
683 9732 4202 5529 0 
684 9731 4202 5529 0 
685 9731 4202 5528 0 
686 9729 4201 5528 0 
687 9729 4200 5528 0 
688 9728 4197 5530 0 
689 9729 4198 5530 0 
690 9731 4198 5532 0 
691 9731 4199 5532 0 
692 9731 4200 5531 0 
693 9731 4197 5533 0 
694 9734 4198 5535 0 
695 9734 4199 5535 0 
696 9731 4198 5533 0 
697 9732 4198 5533 0 
698 9730 4198 5532 0 
699 9730 4199 5531 0 
700 9732 4201 5531 0 
701 9733 4203 5530 0 
702 9732 4201 5530 0 
703 9733 4202 5531 0 
704 9733 4203 5530 0 
705 9736 4205 5531 0 
706 9733 4204 5529 0 
707 9734 4205 5529 0 
708 9734 4206 5528 0 
709 9734 4207 5526 0 
710 9733 4208 5525 0 
711 9733 4206 5526 0 
712 9734 4205 5528 0 
713 9735 4204 5530 0 
714 9734 4204 5529 0 
715 9734 4207 5527 0 
716 9733 4206 5527 0 
717 9734 4206 5527 0 
718 9734 4206 5527 0 
719 9732 4207 5525 0 
720 9730 4204 5525 0 
721 9728 4204 5523 0 
722 9729 4203 5526 0 
723 9729 4204 5525 0 
724 9731 4205 5525 0 
725 9730 4205 5525 0 
726 9731 4205 5525 0 
727 9731 4206 5525 0 
728 9731 4206 5525 0 
729 9731 4206 5524 0 
730 9732 4208 5524 0 
731 9733 4206 5526 0 
732 9733 4206 5527 0 
733 9734 4205 5528 0 
734 9733 4204 5529 0 
735 9732 4202 5529 0 
736 9732 4203 5528 0 
737 9734 4203 5531 0 
738 9734 4203 5530 0 
739 9735 4204 5530 0 
740 9735 4205 5530 0 
741 9736 4205 5530 0 
742 9734 4204 5529 0 
743 9733 4205 5527 0 
744 9733 4204 5529 0 
745 9735 4206 5528 0 
746 9735 4204 5530 0 
747 9736 4205 5531 0 
748 9737 4205 5531 0 
749 9734 4203 5531 0 
750 9734 4203 5531 0 
751 9735 4203 5532 0 
752 9734 4202 5531 0 
753 9732 4201 5531 0 
754 9731 4200 5531 0 
755 9731 4200 5530 0 
756 9732 4200 5532 0 
757 9734 4200 5533 0 
758 9734 4198 5535 0 
759 9733 4197 5535 0 
760 9731 4197 5533 0 
761 9732 4197 5534 0 
762 9731 4196 5535 0 
763 9733 4197 5535 0 
764 9732 4196 5536 0 
765 9734 4195 5538 0 
766 9733 4195 5537 0 
767 9732 4194 5538 0 
768 9734 4197 5536 0 
769 9734 4195 5538 0 
770 9732 4195 5537 0 
771 9733 4196 5536 0 
772 9734 4195 5538 0 
773 9732 4194 5537 0 
774 9733 4196 5536 0 
775 9730 4195 5534 0 
776 9729 4194 5534 0 
777 9731 4196 5534 0 
778 9732 4195 5537 0 
779 9732 4194 5538 0 
780 9731 4194 5537 0 
781 9734 4195 5539 0 
782 9733 4194 5538 0 
783 9733 4196 5537 0 
784 9733 4197 5536 0 
785 9732 4196 5536 0 
786 9734 4197 5537 0 
787 9733 4195 5537 0 
788 9733 4195 5537 0 
789 9732 4195 5537 0 
790 9731 4195 5535 0 
791 9730 4196 5534 0 
792 9731 4196 5534 0 
793 9730 4197 5533 0 
794 9731 4197 5534 0 
795 9732 4198 5533 0 
796 9731 4198 5533 0 
797 9731 4197 5533 0 
798 9730 4197 5532 0 
799 9732 4198 5534 0 
800 9735 4199 5535 0 
801 9734 4197 5536 0 
802 9732 4197 5535 0 
803 9732 4199 5533 0 
804 9734 4199 5534 0 
805 9733 4199 5533 0 
806 9733 4198 5534 0 
807 9733 4200 5532 0 
808 9735 4201 5533 0 
809 9736 4202 5534 0 
810 9734 4202 5531 0 
811 9734 4202 5531 0 
812 9732 4202 5530 0 
813 9734 4202 5531 0 
814 9733 4200 5532 0 
815 9732 4198 5534 0 
816 9731 4199 5532 0 
817 9730 4198 5532 0 
818 9730 4198 5532 0 
819 9732 4197 5534 0 
820 9731 4197 5534 0 
821 9731 4196 5534 0 
822 9732 4196 5536 0 
823 9733 4196 5537 0 
824 9736 4197 5539 0 
825 9736 4196 5539 0 
826 9734 4198 5536 0 
827 9734 4200 5534 0 
828 9735 4200 5535 0 
829 9734 4198 5536 0 
830 9735 4199 5535 0 
831 9735 4198 5536 0 
832 9735 4198 5537 0 
833 9733 4198 5535 0 
834 9732 4198 5533 0 
835 9731 4197 5534 0 
836 9733 4198 5534 0 
837 9734 4196 5538 0 
838 9733 4194 5539 0 
839 9731 4196 5535 0 
840 9730 4196 5534 0 
841 9731 4198 5533 0 
842 9731 4197 5533 0 
843 9733 4197 5535 0 
844 9731 4197 5534 0 
845 9731 4197 5534 0 
846 9732 4197 5534 0 
847 9734 4199 5535 0 
848 9737 4199 5537 0 
849 9735 4197 5537 0 
850 9735 4198 5537 0 
851 9733 4196 5536 0 
852 9733 4195 5537 0 
853 9729 4194 5535 0 
854 9731 4196 5535 0 
855 9730 4195 5534 0 
856 9733 4196 5536 0 
857 9732 4197 5535 0 
858 9734 4199 5535 0 
859 9734 4197 5536 0 
860 9735 4201 5534 0 
861 9736 4203 5532 0 
862 9734 4204 5530 0 
863 9732 4202 5530 0 
864 9732 4202 5530 0 
865 9732 4201 5531 0 
866 9732 4200 5531 0 
867 9732 4200 5531 0 
868 9733 4200 5532 0 
869 9732 4200 5531 0 
870 9733 4204 5529 0 
871 9736 4204 5531 0 
872 9733 4204 5528 0 
873 9733 4203 5530 0 
874 9733 4204 5528 0 
875 9734 4205 5528 0 
876 9733 4204 5529 0 
877 9732 4204 5528 0 
878 9735 4205 5529 0 
879 9733 4204 5529 0 
880 9731 4204 5527 0 
881 9731 4204 5527 0 
882 9731 4204 5527 0 
883 9733 4205 5527 0 
884 9733 4206 5527 0 
885 9734 4206 5528 0 
886 9732 4203 5528 0 
887 9731 4202 5528 0 
888 9729 4201 5528 0 
889 9731 4201 5530 0 
890 9731 4200 5531 0 
891 9731 4198 5532 0 
892 9731 4200 5531 0 
893 9732 4200 5531 0 
894 9732 4201 5531 0 
895 9732 4203 5529 0 
896 9732 4202 5530 0 
897 9732 4202 5529 0 
898 9732 4202 5529 0 
899 9734 4202 5531 0 
900 9732 4202 5529 0 
901 9731 4203 5528 0 
902 9731 4203 5528 0 
903 9733 4204 5529 0 
904 9734 4204 5530 0 
905 9734 4204 5530 0 
906 9734 4203 5531 0 
907 9735 4205 5529 0 
908 9733 4204 5528 0 
909 9732 4206 5526 0 
910 9732 4206 5526 0 
911 9733 4207 5526 0 
912 9733 4209 5524 0 
913 9733 4209 5523 0 
914 9733 4210 5523 0 
915 9735 4208 5526 0 
916 9734 4209 5525 0 
917 9731 4206 5524 0 
918 9731 4210 5521 0 
919 9731 4210 5521 0 
920 9733 4211 5521 0 
921 9733 4211 5522 0 
922 9733 4211 5521 0 
923 9733 4211 5522 0 
924 9733 4211 5521 0 
925 9731 4210 5520 0 
926 9732 4212 5520 0 
927 9732 4213 5518 0 
928 9732 4213 5519 0 
929 9733 4212 5520 0 
930 9735 4215 5520 0 
931 9733 4212 5521 0 
932 9733 4211 5522 0 
933 9734 4211 5523 0 
934 9732 4211 5521 0 
935 9731 4208 5523 0 
936 9729 4208 5521 0 
937 9733 4209 5523 0 
938 9732 4210 5522 0 
939 9732 4208 5523 0 
940 9733 4209 5524 0 
941 9733 4208 5524 0 
942 9733 4209 5523 0 
943 9732 4209 5523 0 
944 9730 4206 5523 0 
945 9732 4208 5523 0 
946 9735 4210 5524 0 
947 9735 4209 5526 0 
948 9735 4209 5526 0 
949 9734 4208 5526 0 
950 9733 4206 5526 0 
951 9732 4206 5525 0 
952 9734 4209 5525 0 
953 9735 4209 5525 0 
954 9734 4208 5525 0 
955 9733 4209 5524 0 
956 9731 4207 5523 0 
957 9734 4210 5524 0 
958 9735 4212 5522 0 
959 9736 4211 5524 0 
960 9733 4209 5523 0 
961 9731 4209 5522 0 
962 9732 4209 5523 0 
963 9732 4208 5524 0 
964 9731 4208 5522 0 
965 9731 4210 5520 0 
966 9730 4209 5520 0 
967 9732 4209 5522 0 
968 9733 4209 5524 0 
969 9732 4205 5527 0 
970 9734 4205 5528 0 
971 9733 4204 5529 0 
972 9735 4205 5529 0 
973 9733 4205 5528 0 
974 9733 4205 5527 0 
975 9734 4207 5527 0 
976 9734 4206 5528 0 
977 9732 4206 5526 0 
978 9732 4206 5525 0 
979 9732 4205 5526 0 
980 9733 4206 5527 0 
981 9735 4207 5528 0 
982 9734 4207 5526 0 
983 9734 4206 5527 0 
984 9734 4206 5527 0 
985 9732 4206 5526 0 
986 9734 4206 5527 0 
987 9733 4206 5527 0 
988 9733 4208 5524 0 
989 9731 4209 5521 0 
990 9731 4211 5520 0 
991 9731 4211 5519 0 
992 9732 4210 5521 0 
993 9733 4211 5521 0 
994 9730 4212 5518 0 
995 9733 4212 5520 0 
996 9735 4213 5522 0 
997 9735 4211 5524 0 
998 9735 4211 5524 0 
999 9735 4209 5525 0 
