#StageNum, TotalCellCount, StemCount, DiffCount, S/D Ratio, TotalMutant, MutantSC, MutantDiff
0 5 5 0 -1 0 0 0 
1 8 8 0 -1 0 0 0 
2 13 13 0 -1 0 0 0 
3 20 20 0 -1 0 0 0 
4 29 29 0 -1 0 0 0 
5 40 40 0 -1 0 0 0 
6 53 53 0 -1 0 0 0 
7 69 69 0 -1 0 0 0 
8 86 86 0 -1 0 0 0 
9 107 107 0 -1 0 0 0 
10 131 130 0 -1 0 0 0 
11 156 156 0 -1 0 0 0 
12 187 187 0 -1 0 0 0 
13 220 220 0 -1 0 0 0 
14 254 254 0 -1 0 0 0 
15 290 290 0 -1 0 0 0 
16 332 332 0 -1 0 0 0 
17 374 374 0 -1 0 0 0 
18 421 420 0 -1 0 0 0 
19 470 470 0 -1 0 0 0 
20 523 522 0 -1 0 0 0 
21 578 578 0 -1 0 0 0 
22 637 636 0 -1 0 0 0 
23 700 699 0 -1 0 0 0 
24 765 764 0 -1 0 0 0 
25 833 832 0 -1 0 0 0 
26 903 902 0 -1 0 0 0 
27 976 975 0 -1 0 0 0 
28 1055 1054 0 -1 1 1 0 
29 1137 1136 0 -1 1 1 0 
30 1221 1220 0 -1 1 1 0 
31 1310 1309 0 -1 1 1 0 
32 1400 1399 0 -1 1 1 0 
33 1495 1493 0 -1 1 1 0 
34 1592 1590 0 -1 1 1 0 
35 1692 1690 0 -1 1 1 0 
36 1796 1794 0 -1 1 1 0 
37 1904 1902 0 -1 1 1 0 
38 2014 2012 0 -1 2 2 0 
39 2127 2124 0 -1 2 2 0 
40 2245 2242 0 -1 2 2 0 
41 2365 2362 0 -1 2 2 0 
42 2488 2485 0 -1 2 2 0 
43 2613 2611 0 -1 2 2 0 
44 2744 2741 0 -1 2 2 0 
45 2877 2874 0 -1 2 2 0 
46 3010 3007 0 -1 2 2 0 
47 3150 3146 0 -1 3 3 0 
48 3292 3288 0 -1 3 3 0 
49 3440 3436 0 -1 3 3 0 
50 3588 3584 0 -1 3 3 0 
51 3737 3733 0 -1 4 4 0 
52 3889 3885 0 -1 4 4 0 
53 4045 4041 0 -1 4 4 0 
54 4204 4199 0 -1 4 4 0 
55 4363 4358 0 -1 4 4 0 
56 4525 4521 0 -1 4 4 0 
57 4689 4684 0 -1 4 4 0 
58 4849 4844 0 -1 4 4 0 
59 5009 5004 0 -1 5 5 0 
60 5169 5163 0 -1 5 5 0 
61 5323 5318 0 -1 5 5 0 
62 5476 5470 0 -1 5 5 0 
63 5623 5617 0 -1 6 6 0 
64 5767 5761 0 -1 6 6 0 
65 5907 5901 0 -1 6 6 0 
66 6042 6036 0 -1 6 6 0 
67 6171 6165 0 -1 5 5 0 
68 6296 6290 0 -1 6 6 0 
69 6416 6410 0 -1 6 6 0 
70 6534 6528 0 -1 6 6 0 
71 6650 6644 0 -1 6 6 0 
72 6761 6754 0 -1 7 7 0 
73 6870 6862 0 -1 7 7 0 
74 6972 6965 0 -1 7 7 0 
75 7075 7067 0 -1 7 7 0 
76 7172 7165 0 -1 7 7 0 
77 7269 7261 0 -1 7 7 0 
78 7365 7358 0 -1 7 7 0 
79 7459 7451 0 -1 7 7 0 
80 7550 7542 0 -1 8 8 0 
81 7638 7630 0 -1 8 8 0 
82 7721 7713 0 -1 8 8 0 
83 7801 7793 0 -1 8 8 0 
84 7883 7876 0 -1 7 7 0 
85 7959 7950 0 -1 8 8 0 
86 8031 8023 0 -1 7 7 0 
87 8101 8093 0 -1 7 7 0 
88 8170 8162 0 -1 8 8 0 
89 8237 8228 0 -1 8 8 0 
90 8297 8288 0 -1 8 8 0 
91 8356 8348 0 -1 8 8 0 
92 8412 8403 0 -1 8 8 0 
93 8463 8454 0 -1 8 8 0 
94 8511 8502 0 -1 8 8 0 
95 8558 8549 0 -1 8 8 0 
96 8601 8592 0 -1 8 8 0 
97 8645 8636 0 -1 8 8 0 
98 8685 8675 0 -1 9 9 0 
99 8722 8713 0 -1 9 9 0 
100 8759 8749 0 -1 9 9 0 
101 8794 8786 0 -1 8 8 0 
102 8826 8818 0 -1 8 8 0 
103 8857 8849 0 -1 8 8 0 
104 8889 8880 0 -1 9 9 0 
105 8917 8907 0 -1 9 9 0 
106 8947 8938 0 -1 8 8 0 
107 8976 8967 0 -1 8 8 0 
108 9003 8994 0 -1 9 9 0 
109 9032 9023 0 -1 8 8 0 
110 9059 9050 0 -1 8 8 0 
111 9083 9074 0 -1 8 8 0 
112 9107 9098 0 -1 8 8 0 
113 9131 9122 0 -1 8 8 0 
114 9156 9147 0 -1 8 8 0 
115 9180 9170 0 -1 9 9 0 
116 9204 9194 0 -1 9 9 0 
117 9226 9216 0 -1 9 9 0 
118 9247 9238 0 -1 9 9 0 
119 9270 9260 0 -1 9 9 0 
120 9292 9282 0 -1 9 9 0 
121 9314 9304 0 -1 9 9 0 
122 9337 9326 0 -1 10 10 0 
123 9355 9345 0 -1 9 9 0 
124 9373 9364 0 -1 9 9 0 
125 9392 9382 0 -1 9 9 0 
126 9410 9400 0 -1 9 9 0 
127 9430 9420 0 -1 9 9 0 
128 9449 9439 0 -1 9 9 0 
129 9467 9458 0 -1 9 9 0 
130 9483 9473 0 -1 9 9 0 
131 9498 9488 0 -1 9 9 0 
132 9516 9506 0 -1 9 9 0 
133 9530 9521 0 -1 9 9 0 
134 9546 9537 0 -1 8 8 0 
135 9560 9550 0 -1 9 9 0 
136 9572 9562 0 -1 9 9 0 
137 9588 9578 0 -1 9 9 0 
138 9603 9593 0 -1 9 9 0 
139 9615 9605 0 -1 9 9 0 
140 9629 9619 0 -1 9 9 0 
141 9640 9631 0 -1 9 9 0 
142 9654 9645 0 -1 9 9 0 
143 9665 9655 0 -1 10 10 0 
144 9678 9668 0 -1 10 10 0 
145 9687 9677 0 -1 9 9 0 
146 9698 9688 0 -1 9 9 0 
147 9709 9699 0 -1 10 10 0 
148 9719 9709 0 -1 9 9 0 
149 9726 9716 0 -1 9 9 0 
150 9736 9727 0 -1 9 9 0 
151 9745 9736 0 -1 9 9 0 
152 9755 9746 0 -1 9 9 0 
153 9763 9754 0 -1 9 9 0 
154 9772 9762 0 -1 9 9 0 
155 9779 9770 0 -1 9 9 0 
156 9785 9775 0 -1 9 9 0 
157 9791 9781 0 -1 9 9 0 
158 9797 9788 0 -1 9 9 0 
159 9804 9794 0 -1 9 9 0 
160 9809 9799 0 -1 10 10 0 
161 9815 9805 0 -1 10 10 0 
162 9822 9812 0 -1 10 10 0 
163 9827 9816 0 -1 10 10 0 
164 9831 9821 0 -1 10 10 0 
165 9836 9826 0 -1 9 9 0 
166 9838 9828 0 -1 10 10 0 
167 9841 9831 0 -1 10 10 0 
168 9844 9833 0 -1 10 10 0 
169 9846 9837 0 -1 9 9 0 
170 9849 9839 0 -1 9 9 0 
171 9852 9842 0 -1 9 9 0 
172 9852 9843 0 -1 9 9 0 
173 9854 9844 0 -1 9 9 0 
174 9856 9846 0 -1 9 9 0 
175 9856 9846 0 -1 9 9 0 
176 9859 9849 0 -1 9 9 0 
177 9860 9850 0 -1 9 9 0 
178 9861 9852 0 -1 9 9 0 
179 9863 9853 0 -1 10 10 0 
180 9862 9852 0 -1 10 10 0 
181 9863 9852 0 -1 10 10 0 
182 9866 9855 0 -1 10 10 0 
183 9864 9853 0 -1 11 11 0 
184 9864 9853 0 -1 10 10 0 
185 9865 9855 0 -1 10 10 0 
186 9867 9857 0 -1 9 9 0 
187 9865 9855 0 -1 9 9 0 
188 9865 9855 0 -1 9 9 0 
189 9864 9854 0 -1 9 9 0 
190 9865 9854 0 -1 10 10 0 
191 9864 9854 0 -1 10 10 0 
192 9865 9855 0 -1 10 10 0 
193 9863 9853 0 -1 9 9 0 
194 9864 9854 0 -1 9 9 0 
195 9863 9853 0 -1 9 9 0 
196 9865 9854 0 -1 10 10 0 
197 9863 9853 0 -1 10 10 0 
198 9864 9854 0 -1 9 9 0 
199 9863 9854 0 -1 9 9 0 
200 9866 9856 0 -1 9 9 0 
201 9863 9853 0 -1 9 9 0 
202 9864 9854 0 -1 10 10 0 
203 9865 9855 0 -1 10 10 0 
204 9865 9855 0 -1 10 10 0 
205 9863 9853 0 -1 10 10 0 
206 9865 9855 0 -1 10 10 0 
207 9865 9855 0 -1 10 10 0 
208 9863 9853 0 -1 10 10 0 
209 9864 9854 0 -1 9 9 0 
210 9863 9853 0 -1 10 10 0 
211 9864 9854 0 -1 10 10 0 
212 9864 9854 0 -1 10 10 0 
213 9865 9856 0 -1 9 9 0 
214 9865 9855 0 -1 10 10 0 
215 9866 9856 0 -1 10 10 0 
216 9866 9855 0 -1 10 10 0 
217 9867 9857 0 -1 9 9 0 
218 9867 9857 0 -1 9 9 0 
219 9866 9856 0 -1 10 10 0 
220 9866 9855 0 -1 10 10 0 
221 9865 9855 0 -1 10 10 0 
222 9865 9855 0 -1 9 9 0 
223 9865 9855 0 -1 10 10 0 
224 9865 9855 0 -1 10 10 0 
225 9866 9856 0 -1 10 10 0 
226 9865 9854 0 -1 10 10 0 
227 9865 9855 0 -1 10 10 0 
228 9865 9855 0 -1 9 9 0 
229 9865 9856 0 -1 9 9 0 
230 9864 9854 0 -1 10 10 0 
231 9864 9854 0 -1 10 10 0 
232 9865 9856 0 -1 9 9 0 
233 9865 9855 0 -1 10 10 0 
234 9865 9855 0 -1 10 10 0 
235 9864 9854 0 -1 9 9 0 
236 9865 9854 0 -1 10 10 0 
237 9866 9855 0 -1 10 10 0 
238 9864 9854 0 -1 10 10 0 
239 9865 9855 0 -1 9 9 0 
240 9865 9855 0 -1 9 9 0 
241 9864 9853 0 -1 10 10 0 
242 9865 9854 0 -1 10 10 0 
243 9866 9856 0 -1 9 9 0 
244 9864 9855 0 -1 9 9 0 
245 9867 9857 0 -1 9 9 0 
246 9868 9858 0 -1 10 10 0 
247 9866 9856 0 -1 10 10 0 
248 9864 9855 0 -1 9 9 0 
249 9866 9856 0 -1 9 9 0 
250 9865 9855 0 -1 10 10 0 
251 9866 9855 0 -1 10 10 0 
252 9866 9856 0 -1 9 9 0 
253 9867 9857 0 -1 9 9 0 
254 9865 9855 0 -1 10 10 0 
255 9866 9856 0 -1 9 9 0 
256 9866 9856 0 -1 10 10 0 
257 9867 9856 0 -1 10 10 0 
258 9865 9855 0 -1 9 9 0 
259 9869 9859 0 -1 9 9 0 
260 9866 9856 0 -1 9 9 0 
261 9865 9855 0 -1 9 9 0 
262 9868 9857 0 -1 10 10 0 
263 9868 9858 0 -1 10 10 0 
264 9865 9855 0 -1 9 9 0 
265 9866 9856 0 -1 10 10 0 
266 9864 9854 0 -1 9 9 0 
267 9865 9855 0 -1 9 9 0 
268 9864 9854 0 -1 9 9 0 
269 9865 9856 0 -1 9 9 0 
270 9865 9855 0 -1 10 10 0 
271 9866 9856 0 -1 10 10 0 
272 9867 9857 0 -1 10 10 0 
273 9868 9858 0 -1 9 9 0 
274 9867 9857 0 -1 9 9 0 
275 9865 9855 0 -1 10 10 0 
276 9864 9854 0 -1 10 10 0 
277 9866 9856 0 -1 9 9 0 
278 9864 9854 0 -1 9 9 0 
279 9863 9853 0 -1 10 10 0 
280 9865 9854 0 -1 10 10 0 
281 9865 9855 0 -1 9 9 0 
282 9865 9854 0 -1 10 10 0 
283 9867 9858 0 -1 9 9 0 
284 9867 9857 0 -1 9 9 0 
285 9864 9854 0 -1 9 9 0 
286 9863 9853 0 -1 9 9 0 
287 9865 9855 0 -1 9 9 0 
288 9865 9855 0 -1 10 10 0 
289 9865 9855 0 -1 10 10 0 
290 9865 9855 0 -1 10 10 0 
291 9867 9856 0 -1 10 10 0 
292 9865 9854 0 -1 10 10 0 
293 9864 9853 0 -1 10 10 0 
294 9866 9856 0 -1 10 10 0 
295 9868 9858 0 -1 9 9 0 
296 9865 9855 0 -1 10 10 0 
297 9864 9854 0 -1 10 10 0 
298 9863 9852 0 -1 10 10 0 
299 9865 9855 0 -1 10 10 0 
300 9866 9856 0 -1 10 10 0 
301 9865 9855 0 -1 10 10 0 
302 9866 9855 0 -1 10 10 0 
303 9864 9853 0 -1 10 10 0 
304 9864 9854 0 -1 9 9 0 
305 9864 9855 0 -1 9 9 0 
306 9866 9856 0 -1 9 9 0 
307 9865 9855 0 -1 10 10 0 
308 9865 9855 0 -1 9 9 0 
309 9865 9855 0 -1 9 9 0 
310 9865 9855 0 -1 9 9 0 
311 9867 9858 0 -1 9 9 0 
312 9865 9856 0 -1 9 9 0 
313 9865 9855 0 -1 9 9 0 
314 9865 9855 0 -1 9 9 0 
315 9864 9854 0 -1 9 9 0 
316 9861 9851 0 -1 10 10 0 
317 9864 9854 0 -1 9 9 0 
318 9864 9854 0 -1 9 9 0 
319 9865 9855 0 -1 9 9 0 
320 9864 9854 0 -1 9 9 0 
321 9865 9855 0 -1 10 10 0 
322 9864 9854 0 -1 9 9 0 
323 9865 9855 0 -1 10 10 0 
324 9864 9854 0 -1 10 10 0 
325 9865 9855 0 -1 9 9 0 
326 9865 9856 0 -1 9 9 0 
327 9866 9856 0 -1 10 10 0 
328 9866 9856 0 -1 10 10 0 
329 9866 9856 0 -1 10 10 0 
330 9866 9855 0 -1 10 10 0 
331 9865 9854 0 -1 10 10 0 
332 9867 9856 0 -1 10 10 0 
333 9865 9855 0 -1 10 10 0 
334 9867 9856 0 -1 10 10 0 
335 9865 9855 0 -1 10 10 0 
336 9866 9855 0 -1 10 10 0 
337 9865 9855 0 -1 10 10 0 
338 9866 9856 0 -1 10 10 0 
339 9867 9857 0 -1 10 10 0 
340 9867 9858 0 -1 9 9 0 
341 9864 9854 0 -1 9 9 0 
342 9867 9857 0 -1 9 9 0 
343 9866 9856 0 -1 9 9 0 
344 9863 9853 0 -1 9 9 0 
345 9864 9854 0 -1 10 10 0 
346 9866 9856 0 -1 10 10 0 
347 9865 9855 0 -1 9 9 0 
348 9866 9856 0 -1 9 9 0 
349 9865 9855 0 -1 9 9 0 
350 9864 9854 0 -1 9 9 0 
351 9865 9855 0 -1 10 10 0 
352 9866 9856 0 -1 9 9 0 
353 9864 9854 0 -1 10 10 0 
354 9866 9856 0 -1 10 10 0 
355 9866 9856 0 -1 9 9 0 
356 9863 9853 0 -1 9 9 0 
357 9864 9854 0 -1 9 9 0 
358 9865 9855 0 -1 9 9 0 
359 9866 9856 0 -1 9 9 0 
360 9866 9856 0 -1 10 10 0 
361 9866 9856 0 -1 10 10 0 
362 9867 9857 0 -1 10 10 0 
363 9864 9854 0 -1 10 10 0 
364 9864 9855 0 -1 9 9 0 
365 9864 9854 0 -1 9 9 0 
366 9865 9855 0 -1 10 10 0 
367 9865 9855 0 -1 9 9 0 
368 9865 9855 0 -1 10 10 0 
369 9864 9854 0 -1 9 9 0 
370 9865 9854 0 -1 10 10 0 
371 9866 9856 0 -1 9 9 0 
372 9865 9855 0 -1 9 9 0 
373 9866 9856 0 -1 9 9 0 
374 9866 9856 0 -1 9 9 0 
375 9865 9855 0 -1 9 9 0 
376 9865 9855 0 -1 9 9 0 
377 9867 9856 0 -1 10 10 0 
378 9867 9856 0 -1 10 10 0 
379 9865 9855 0 -1 10 10 0 
380 9866 9856 0 -1 10 10 0 
381 9868 9858 0 -1 10 10 0 
382 9866 9856 0 -1 9 9 0 
383 9866 9856 0 -1 9 9 0 
384 9865 9855 0 -1 9 9 0 
385 9863 9854 0 -1 9 9 0 
386 9866 9856 0 -1 10 10 0 
387 9867 9857 0 -1 10 10 0 
388 9867 9857 0 -1 9 9 0 
389 9866 9857 0 -1 9 9 0 
390 9864 9854 0 -1 10 10 0 
391 9864 9854 0 -1 9 9 0 
392 9865 9854 0 -1 10 10 0 
393 9866 9855 0 -1 10 10 0 
394 9865 9855 0 -1 10 10 0 
395 9868 9858 0 -1 9 9 0 
396 9865 9855 0 -1 9 9 0 
397 9866 9856 0 -1 10 10 0 
398 9866 9855 0 -1 10 10 0 
399 9868 9857 0 -1 10 10 0 
400 9867 9857 0 -1 10 10 0 
401 9866 9856 0 -1 9 9 0 
402 9866 9856 0 -1 9 9 0 
403 9865 9856 0 -1 9 9 0 
404 9866 9856 0 -1 9 9 0 
405 9865 9855 0 -1 10 10 0 
406 9867 9857 0 -1 9 9 0 
407 9865 9856 0 -1 9 9 0 
408 9865 9855 0 -1 9 9 0 
409 9863 9853 0 -1 9 9 0 
410 9864 9853 0 -1 10 10 0 
411 9865 9855 0 -1 10 10 0 
412 9865 9855 0 -1 9 9 0 
413 9865 9855 0 -1 10 10 0 
414 9865 9855 0 -1 10 10 0 
415 9865 9855 0 -1 10 10 0 
416 9865 9855 0 -1 10 10 0 
417 9866 9856 0 -1 9 9 0 
418 9866 9856 0 -1 9 9 0 
419 9866 9856 0 -1 9 9 0 
420 9866 9856 0 -1 9 9 0 
421 9865 9856 0 -1 9 9 0 
422 9866 9856 0 -1 9 9 0 
423 9867 9857 0 -1 9 9 0 
424 9867 9857 0 -1 10 10 0 
425 9867 9857 0 -1 9 9 0 
426 9865 9855 0 -1 9 9 0 
427 9865 9855 0 -1 9 9 0 
428 9866 9857 0 -1 9 9 0 
429 9865 9855 0 -1 9 9 0 
430 9864 9855 0 -1 9 9 0 
431 9866 9856 0 -1 9 9 0 
432 9866 9856 0 -1 9 9 0 
433 9866 9856 0 -1 10 10 0 
434 9864 9854 0 -1 10 10 0 
435 9865 9855 0 -1 10 10 0 
436 9866 9856 0 -1 10 10 0 
437 9865 9855 0 -1 10 10 0 
438 9865 9855 0 -1 9 9 0 
439 9864 9854 0 -1 10 10 0 
440 9863 9853 0 -1 9 9 0 
441 9865 9856 0 -1 9 9 0 
442 9866 9856 0 -1 10 10 0 
443 9867 9856 0 -1 10 10 0 
444 9866 9856 0 -1 10 10 0 
445 9865 9855 0 -1 10 10 0 
446 9863 9853 0 -1 10 10 0 
447 9865 9855 0 -1 10 10 0 
448 9866 9856 0 -1 9 9 0 
449 9864 9854 0 -1 10 10 0 
450 9864 9854 0 -1 10 10 0 
451 9865 9855 0 -1 10 10 0 
452 9865 9854 0 -1 10 10 0 
453 9865 9855 0 -1 10 10 0 
454 9864 9855 0 -1 9 9 0 
455 9865 9854 0 -1 10 10 0 
456 9865 9855 0 -1 9 9 0 
457 9865 9855 0 -1 9 9 0 
458 9866 9856 0 -1 10 10 0 
459 9866 9856 0 -1 10 10 0 
460 9865 9855 0 -1 10 10 0 
461 9866 9856 0 -1 10 10 0 
462 9864 9854 0 -1 9 9 0 
463 9864 9854 0 -1 9 9 0 
464 9866 9857 0 -1 9 9 0 
465 9868 9858 0 -1 10 10 0 
466 9865 9856 0 -1 9 9 0 
467 9865 9855 0 -1 9 9 0 
468 9866 9856 0 -1 10 10 0 
469 9867 9857 0 -1 10 10 0 
470 9867 9857 0 -1 10 10 0 
471 9868 9858 0 -1 10 10 0 
472 9865 9855 0 -1 10 10 0 
473 9864 9854 0 -1 10 10 0 
474 9865 9856 0 -1 9 9 0 
475 9865 9855 0 -1 9 9 0 
476 9864 9854 0 -1 10 10 0 
477 9865 9855 0 -1 9 9 0 
478 9864 9854 0 -1 10 10 0 
479 9865 9855 0 -1 10 10 0 
480 9866 9856 0 -1 10 10 0 
481 9865 9855 0 -1 9 9 0 
482 9865 9855 0 -1 10 10 0 
483 9864 9854 0 -1 9 9 0 
484 9865 9855 0 -1 9 9 0 
485 9867 9856 0 -1 10 10 0 
486 9865 9855 0 -1 9 9 0 
487 9865 9855 0 -1 9 9 0 
488 9864 9855 0 -1 9 9 0 
489 9865 9855 0 -1 9 9 0 
490 9865 9855 0 -1 10 10 0 
491 9866 9856 0 -1 10 10 0 
492 9866 9856 0 -1 9 9 0 
493 9867 9857 0 -1 9 9 0 
494 9864 9854 0 -1 9 9 0 
495 9867 9857 0 -1 9 9 0 
496 9868 9858 0 -1 10 10 0 
497 9867 9857 0 -1 10 10 0 
498 9868 9858 0 -1 10 10 0 
499 9867 9856 0 -1 10 10 0 
500 9866 9856 0 -1 9 9 0 
501 9865 9856 0 -1 9 9 0 
502 9864 9855 0 -1 9 9 0 
503 9863 9853 0 -1 9 9 0 
504 9866 9856 0 -1 9 9 0 
505 9866 9855 0 -1 10 10 0 
506 9866 9855 0 -1 10 10 0 
507 9864 9854 0 -1 10 10 0 
508 9865 9855 0 -1 10 10 0 
509 9865 9855 0 -1 10 10 0 
510 9866 9856 0 -1 9 9 0 
511 9865 9855 0 -1 10 10 0 
512 9865 9855 0 -1 10 10 0 
513 9867 9858 0 -1 9 9 0 
514 9868 9858 0 -1 9 9 0 
515 9867 9857 0 -1 9 9 0 
516 9867 9857 0 -1 9 9 0 
517 9867 9858 0 -1 9 9 0 
518 9867 9857 0 -1 10 10 0 
519 9865 9855 0 -1 9 9 0 
520 9865 9856 0 -1 9 9 0 
521 9866 9856 0 -1 10 10 0 
522 9867 9857 0 -1 9 9 0 
523 9865 9855 0 -1 9 9 0 
524 9866 9857 0 -1 9 9 0 
525 9867 9857 0 -1 9 9 0 
526 9867 9858 0 -1 9 9 0 
527 9866 9857 0 -1 9 9 0 
528 9867 9857 0 -1 9 9 0 
529 9867 9857 0 -1 10 10 0 
530 9866 9856 0 -1 10 10 0 
531 9866 9856 0 -1 10 10 0 
532 9865 9856 0 -1 9 9 0 
533 9864 9855 0 -1 9 9 0 
534 9865 9855 0 -1 9 9 0 
535 9866 9856 0 -1 10 10 0 
536 9864 9854 0 -1 10 10 0 
537 9865 9855 0 -1 10 10 0 
538 9865 9854 0 -1 10 10 0 
539 9867 9857 0 -1 10 10 0 
540 9866 9856 0 -1 10 10 0 
541 9866 9855 0 -1 10 10 0 
542 9865 9855 0 -1 9 9 0 
543 9865 9855 0 -1 9 9 0 
544 9864 9854 0 -1 10 10 0 
545 9866 9856 0 -1 9 9 0 
546 9865 9855 0 -1 9 9 0 
547 9865 9855 0 -1 10 10 0 
548 9865 9854 0 -1 10 10 0 
549 9865 9855 0 -1 9 9 0 
550 9864 9854 0 -1 9 9 0 
551 9863 9853 0 -1 9 9 0 
552 9863 9853 0 -1 10 10 0 
553 9865 9855 0 -1 9 9 0 
554 9864 9854 0 -1 9 9 0 
555 9866 9856 0 -1 10 10 0 
556 9865 9855 0 -1 10 10 0 
557 9864 9854 0 -1 10 10 0 
558 9866 9856 0 -1 9 9 0 
559 9867 9857 0 -1 9 9 0 
560 9865 9855 0 -1 9 9 0 
561 9864 9854 0 -1 9 9 0 
562 9865 9854 0 -1 10 10 0 
563 9865 9855 0 -1 10 10 0 
564 9864 9854 0 -1 10 10 0 
565 9864 9854 0 -1 9 9 0 
566 9866 9856 0 -1 10 10 0 
567 9866 9856 0 -1 10 10 0 
568 9864 9855 0 -1 9 9 0 
569 9864 9855 0 -1 9 9 0 
570 9867 9857 0 -1 10 10 0 
571 9866 9856 0 -1 9 9 0 
572 9867 9857 0 -1 9 9 0 
573 9867 9857 0 -1 9 9 0 
574 9865 9854 0 -1 10 10 0 
575 9867 9856 0 -1 10 10 0 
576 9866 9855 0 -1 10 10 0 
577 9867 9857 0 -1 9 9 0 
578 9864 9854 0 -1 10 10 0 
579 9866 9855 0 -1 10 10 0 
580 9865 9856 0 -1 9 9 0 
581 9865 9854 0 -1 10 10 0 
582 9866 9856 0 -1 10 10 0 
583 9866 9856 0 -1 9 9 0 
584 9865 9856 0 -1 9 9 0 
585 9863 9854 0 -1 9 9 0 
586 9864 9854 0 -1 9 9 0 
587 9865 9855 0 -1 9 9 0 
588 9865 9855 0 -1 9 9 0 
589 9864 9854 0 -1 9 9 0 
590 9866 9856 0 -1 10 10 0 
591 9867 9857 0 -1 9 9 0 
592 9865 9856 0 -1 9 9 0 
593 9867 9857 0 -1 10 10 0 
594 9865 9855 0 -1 10 10 0 
595 9864 9854 0 -1 10 10 0 
596 9865 9854 0 -1 10 10 0 
597 9865 9855 0 -1 10 10 0 
598 9865 9854 0 -1 10 10 0 
599 9866 9856 0 -1 9 9 0 
600 9865 9855 0 -1 9 9 0 
601 9865 9855 0 -1 10 10 0 
602 9866 9856 0 -1 10 10 0 
603 9864 9854 0 -1 9 9 0 
604 9864 9854 0 -1 9 9 0 
605 9866 9856 0 -1 9 9 0 
606 9865 9855 0 -1 9 9 0 
607 9864 9854 0 -1 10 10 0 
608 9865 9854 0 -1 10 10 0 
609 9866 9855 0 -1 10 10 0 
610 9865 9855 0 -1 10 10 0 
611 9865 9855 0 -1 9 9 0 
612 9866 9857 0 -1 9 9 0 
613 9866 9856 0 -1 9 9 0 
614 9865 9855 0 -1 10 10 0 
615 9866 9856 0 -1 9 9 0 
616 9866 9856 0 -1 10 10 0 
617 9866 9856 0 -1 10 10 0 
618 9867 9858 0 -1 9 9 0 
619 9867 9857 0 -1 9 9 0 
620 9866 9856 0 -1 10 10 0 
621 9866 9855 0 -1 10 10 0 
622 9865 9855 0 -1 10 10 0 
623 9867 9856 0 -1 10 10 0 
624 9865 9855 0 -1 10 10 0 
625 9866 9855 0 -1 10 10 0 
626 9869 9859 0 -1 10 10 0 
627 9865 9855 0 -1 9 9 0 
628 9865 9855 0 -1 9 9 0 
629 9866 9857 0 -1 9 9 0 
630 9866 9856 0 -1 9 9 0 
631 9864 9854 0 -1 10 10 0 
632 9863 9854 0 -1 9 9 0 
633 9865 9855 0 -1 10 10 0 
634 9866 9855 0 -1 10 10 0 
635 9866 9856 0 -1 9 9 0 
636 9866 9856 0 -1 10 10 0 
637 9864 9853 0 -1 10 10 0 
638 9865 9855 0 -1 9 9 0 
639 9865 9856 0 -1 9 9 0 
640 9865 9855 0 -1 10 10 0 
641 9865 9855 0 -1 10 10 0 
642 9863 9852 0 -1 10 10 0 
643 9864 9854 0 -1 10 10 0 
644 9865 9855 0 -1 10 10 0 
645 9865 9855 0 -1 10 10 0 
646 9867 9857 0 -1 10 10 0 
647 9865 9855 0 -1 9 9 0 
648 9865 9854 0 -1 10 10 0 
649 9866 9855 0 -1 10 10 0 
650 9865 9856 0 -1 9 9 0 
651 9867 9857 0 -1 9 9 0 
652 9867 9857 0 -1 10 10 0 
653 9866 9856 0 -1 9 9 0 
654 9866 9857 0 -1 9 9 0 
655 9864 9855 0 -1 9 9 0 
656 9863 9854 0 -1 9 9 0 
657 9865 9855 0 -1 9 9 0 
658 9867 9857 0 -1 9 9 0 
659 9866 9857 0 -1 9 9 0 
660 9866 9857 0 -1 9 9 0 
661 9867 9858 0 -1 9 9 0 
662 9867 9857 0 -1 10 10 0 
663 9866 9856 0 -1 10 10 0 
664 9865 9855 0 -1 10 10 0 
665 9866 9856 0 -1 9 9 0 
666 9864 9855 0 -1 9 9 0 
667 9865 9855 0 -1 9 9 0 
668 9864 9854 0 -1 10 10 0 
669 9864 9854 0 -1 10 10 0 
670 9867 9857 0 -1 10 10 0 
671 9866 9855 0 -1 10 10 0 
672 9865 9855 0 -1 10 10 0 
673 9864 9854 0 -1 10 10 0 
674 9864 9854 0 -1 10 10 0 
675 9866 9856 0 -1 10 10 0 
676 9863 9853 0 -1 10 10 0 
677 9864 9855 0 -1 9 9 0 
678 9866 9856 0 -1 9 9 0 
679 9866 9856 0 -1 9 9 0 
680 9866 9856 0 -1 10 10 0 
681 9865 9855 0 -1 10 10 0 
682 9865 9855 0 -1 9 9 0 
683 9864 9854 0 -1 9 9 0 
684 9865 9855 0 -1 10 10 0 
685 9866 9856 0 -1 10 10 0 
686 9866 9855 0 -1 10 10 0 
687 9867 9857 0 -1 9 9 0 
688 9866 9856 0 -1 9 9 0 
689 9867 9856 0 -1 10 10 0 
690 9867 9857 0 -1 9 9 0 
691 9865 9855 0 -1 9 9 0 
692 9867 9857 0 -1 10 10 0 
693 9867 9857 0 -1 10 10 0 
694 9867 9856 0 -1 10 10 0 
695 9865 9855 0 -1 10 10 0 
696 9865 9855 0 -1 9 9 0 
697 9863 9853 0 -1 9 9 0 
698 9863 9853 0 -1 10 10 0 
699 9864 9854 0 -1 10 10 0 
700 9864 9855 0 -1 9 9 0 
701 9862 9852 0 -1 10 10 0 
702 9865 9855 0 -1 9 9 0 
703 9863 9854 0 -1 9 9 0 
704 9866 9856 0 -1 10 10 0 
705 9864 9854 0 -1 10 10 0 
706 9866 9856 0 -1 10 10 0 
707 9865 9854 0 -1 10 10 0 
708 9868 9858 0 -1 10 10 0 
709 9866 9856 0 -1 9 9 0 
710 9866 9856 0 -1 9 9 0 
711 9866 9856 0 -1 10 10 0 
712 9866 9856 0 -1 9 9 0 
713 9863 9853 0 -1 10 10 0 
714 9865 9855 0 -1 10 10 0 
715 9865 9856 0 -1 9 9 0 
716 9864 9854 0 -1 10 10 0 
717 9865 9855 0 -1 10 10 0 
718 9864 9854 0 -1 10 10 0 
719 9865 9854 0 -1 10 10 0 
720 9865 9855 0 -1 10 10 0 
721 9866 9856 0 -1 9 9 0 
722 9865 9855 0 -1 10 10 0 
723 9865 9854 0 -1 10 10 0 
724 9867 9856 0 -1 10 10 0 
725 9868 9858 0 -1 10 10 0 
726 9866 9855 0 -1 10 10 0 
727 9863 9853 0 -1 10 10 0 
728 9863 9853 0 -1 10 10 0 
729 9864 9854 0 -1 10 10 0 
730 9865 9856 0 -1 9 9 0 
731 9865 9855 0 -1 9 9 0 
732 9866 9856 0 -1 9 9 0 
733 9866 9855 0 -1 10 10 0 
734 9867 9857 0 -1 9 9 0 
735 9866 9855 0 -1 10 10 0 
736 9863 9854 0 -1 9 9 0 
737 9864 9854 0 -1 9 9 0 
738 9864 9854 0 -1 10 10 0 
739 9862 9851 0 -1 10 10 0 
740 9866 9856 0 -1 9 9 0 
741 9864 9853 0 -1 10 10 0 
742 9864 9853 0 -1 10 10 0 
743 9866 9856 0 -1 10 10 0 
744 9867 9857 0 -1 9 9 0 
745 9866 9857 0 -1 9 9 0 
746 9865 9856 0 -1 9 9 0 
747 9866 9856 0 -1 10 10 0 
748 9865 9855 0 -1 9 9 0 
749 9864 9854 0 -1 10 10 0 
750 9865 9856 0 -1 9 9 0 
751 9866 9856 0 -1 9 9 0 
752 9866 9856 0 -1 9 9 0 
753 9865 9855 0 -1 9 9 0 
754 9868 9858 0 -1 9 9 0 
755 9865 9855 0 -1 10 10 0 
756 9867 9857 0 -1 9 9 0 
757 9866 9856 0 -1 10 10 0 
758 9865 9855 0 -1 10 10 0 
759 9866 9856 0 -1 10 10 0 
760 9865 9855 0 -1 9 9 0 
761 9866 9856 0 -1 9 9 0 
762 9867 9857 0 -1 10 10 0 
763 9866 9856 0 -1 9 9 0 
764 9865 9855 0 -1 9 9 0 
765 9866 9856 0 -1 9 9 0 
766 9864 9853 0 -1 10 10 0 
767 9865 9855 0 -1 9 9 0 
768 9865 9855 0 -1 9 9 0 
769 9864 9854 0 -1 10 10 0 
770 9864 9853 0 -1 10 10 0 
771 9864 9855 0 -1 9 9 0 
772 9862 9852 0 -1 9 9 0 
773 9864 9853 0 -1 10 10 0 
774 9865 9854 0 -1 10 10 0 
775 9865 9855 0 -1 10 10 0 
776 9864 9854 0 -1 10 10 0 
777 9867 9857 0 -1 9 9 0 
778 9867 9857 0 -1 9 9 0 
779 9866 9856 0 -1 9 9 0 
780 9864 9854 0 -1 9 9 0 
781 9865 9854 0 -1 10 10 0 
782 9866 9855 0 -1 10 10 0 
783 9864 9854 0 -1 9 9 0 
784 9865 9855 0 -1 10 10 0 
785 9866 9856 0 -1 9 9 0 
786 9865 9855 0 -1 9 9 0 
787 9866 9855 0 -1 10 10 0 
788 9866 9856 0 -1 10 10 0 
789 9865 9855 0 -1 9 9 0 
790 9864 9854 0 -1 9 9 0 
791 9866 9856 0 -1 9 9 0 
792 9867 9858 0 -1 9 9 0 
793 9867 9858 0 -1 9 9 0 
794 9867 9857 0 -1 10 10 0 
795 9866 9856 0 -1 9 9 0 
796 9866 9856 0 -1 10 10 0 
797 9864 9854 0 -1 10 10 0 
798 9866 9856 0 -1 9 9 0 
799 9866 9856 0 -1 9 9 0 
800 9867 9858 0 -1 9 9 0 
801 9868 9858 0 -1 9 9 0 
802 9864 9854 0 -1 9 9 0 
803 9866 9856 0 -1 9 9 0 
804 9867 9857 0 -1 10 10 0 
805 9867 9857 0 -1 9 9 0 
806 9866 9856 0 -1 9 9 0 
807 9865 9855 0 -1 9 9 0 
808 9865 9855 0 -1 9 9 0 
809 9865 9854 0 -1 10 10 0 
810 9864 9854 0 -1 10 10 0 
811 9866 9856 0 -1 9 9 0 
812 9866 9856 0 -1 9 9 0 
813 9865 9856 0 -1 9 9 0 
814 9866 9856 0 -1 9 9 0 
815 9865 9854 0 -1 10 10 0 
816 9866 9855 0 -1 10 10 0 
817 9865 9854 0 -1 10 10 0 
818 9867 9856 0 -1 10 10 0 
819 9867 9857 0 -1 10 10 0 
820 9867 9857 0 -1 10 10 0 
821 9867 9856 0 -1 10 10 0 
822 9865 9856 0 -1 9 9 0 
823 9865 9855 0 -1 9 9 0 
824 9866 9856 0 -1 10 10 0 
825 9864 9854 0 -1 9 9 0 
826 9864 9854 0 -1 10 10 0 
827 9865 9855 0 -1 9 9 0 
828 9867 9857 0 -1 9 9 0 
829 9866 9856 0 -1 9 9 0 
830 9864 9854 0 -1 9 9 0 
831 9865 9855 0 -1 9 9 0 
832 9865 9855 0 -1 9 9 0 
833 9866 9856 0 -1 9 9 0 
834 9864 9854 0 -1 10 10 0 
835 9864 9854 0 -1 10 10 0 
836 9866 9856 0 -1 9 9 0 
837 9866 9856 0 -1 9 9 0 
838 9866 9856 0 -1 9 9 0 
839 9865 9854 0 -1 10 10 0 
840 9867 9857 0 -1 9 9 0 
841 9866 9857 0 -1 9 9 0 
842 9867 9857 0 -1 9 9 0 
843 9867 9857 0 -1 9 9 0 
844 9865 9855 0 -1 10 10 0 
845 9865 9855 0 -1 10 10 0 
846 9865 9855 0 -1 9 9 0 
847 9864 9855 0 -1 9 9 0 
848 9864 9854 0 -1 10 10 0 
849 9866 9856 0 -1 10 10 0 
850 9864 9855 0 -1 9 9 0 
851 9865 9856 0 -1 9 9 0 
852 9866 9856 0 -1 10 10 0 
853 9863 9853 0 -1 9 9 0 
854 9864 9854 0 -1 10 10 0 
855 9866 9856 0 -1 9 9 0 
856 9866 9856 0 -1 9 9 0 
857 9866 9856 0 -1 9 9 0 
858 9866 9855 0 -1 10 10 0 
859 9865 9855 0 -1 9 9 0 
860 9865 9856 0 -1 9 9 0 
861 9866 9856 0 -1 9 9 0 
862 9865 9855 0 -1 9 9 0 
863 9865 9855 0 -1 10 10 0 
864 9866 9856 0 -1 10 10 0 
865 9867 9857 0 -1 9 9 0 
866 9865 9855 0 -1 9 9 0 
867 9865 9856 0 -1 9 9 0 
868 9866 9856 0 -1 9 9 0 
869 9865 9856 0 -1 9 9 0 
870 9865 9856 0 -1 9 9 0 
871 9865 9855 0 -1 9 9 0 
872 9865 9855 0 -1 9 9 0 
873 9864 9854 0 -1 10 10 0 
874 9866 9856 0 -1 10 10 0 
875 9865 9855 0 -1 9 9 0 
876 9866 9856 0 -1 9 9 0 
877 9865 9855 0 -1 10 10 0 
878 9864 9854 0 -1 9 9 0 
879 9865 9854 0 -1 10 10 0 
880 9863 9853 0 -1 10 10 0 
881 9865 9854 0 -1 10 10 0 
882 9865 9854 0 -1 10 10 0 
883 9865 9854 0 -1 10 10 0 
884 9865 9855 0 -1 10 10 0 
885 9865 9854 0 -1 10 10 0 
886 9865 9855 0 -1 9 9 0 
887 9864 9854 0 -1 10 10 0 
888 9865 9856 0 -1 9 9 0 
889 9863 9853 0 -1 9 9 0 
890 9865 9855 0 -1 9 9 0 
891 9866 9856 0 -1 10 10 0 
892 9866 9856 0 -1 9 9 0 
893 9864 9854 0 -1 9 9 0 
894 9865 9855 0 -1 10 10 0 
895 9863 9852 0 -1 10 10 0 
896 9862 9852 0 -1 10 10 0 
897 9863 9853 0 -1 10 10 0 
898 9864 9854 0 -1 9 9 0 
899 9866 9855 0 -1 10 10 0 
900 9864 9854 0 -1 10 10 0 
901 9865 9855 0 -1 9 9 0 
902 9864 9854 0 -1 10 10 0 
903 9864 9854 0 -1 10 10 0 
904 9867 9857 0 -1 9 9 0 
905 9867 9857 0 -1 10 10 0 
906 9866 9856 0 -1 10 10 0 
907 9864 9854 0 -1 10 10 0 
908 9865 9855 0 -1 10 10 0 
909 9865 9855 0 -1 9 9 0 
910 9866 9856 0 -1 9 9 0 
911 9865 9855 0 -1 9 9 0 
912 9866 9856 0 -1 9 9 0 
913 9865 9855 0 -1 9 9 0 
914 9866 9856 0 -1 9 9 0 
915 9866 9856 0 -1 9 9 0 
916 9865 9855 0 -1 10 10 0 
917 9866 9856 0 -1 10 10 0 
918 9866 9856 0 -1 10 10 0 
919 9867 9857 0 -1 9 9 0 
920 9868 9858 0 -1 10 10 0 
921 9866 9855 0 -1 10 10 0 
922 9865 9855 0 -1 9 9 0 
923 9865 9855 0 -1 10 10 0 
924 9866 9855 0 -1 10 10 0 
925 9866 9855 0 -1 10 10 0 
926 9867 9857 0 -1 10 10 0 
927 9865 9855 0 -1 10 10 0 
928 9865 9855 0 -1 9 9 0 
929 9866 9857 0 -1 9 9 0 
930 9867 9857 0 -1 9 9 0 
931 9867 9857 0 -1 10 10 0 
932 9867 9857 0 -1 10 10 0 
933 9865 9855 0 -1 10 10 0 
934 9866 9856 0 -1 9 9 0 
935 9865 9855 0 -1 9 9 0 
936 9864 9855 0 -1 9 9 0 
937 9863 9853 0 -1 9 9 0 
938 9864 9854 0 -1 9 9 0 
939 9864 9854 0 -1 9 9 0 
940 9864 9854 0 -1 9 9 0 
941 9863 9854 0 -1 9 9 0 
942 9863 9854 0 -1 9 9 0 
943 9863 9853 0 -1 10 10 0 
944 9862 9852 0 -1 10 10 0 
945 9865 9855 0 -1 10 10 0 
946 9865 9855 0 -1 10 10 0 
947 9863 9854 0 -1 9 9 0 
948 9866 9856 0 -1 10 10 0 
949 9867 9856 0 -1 10 10 0 
950 9865 9854 0 -1 10 10 0 
951 9864 9854 0 -1 9 9 0 
952 9865 9855 0 -1 9 9 0 
953 9863 9854 0 -1 9 9 0 
954 9863 9854 0 -1 9 9 0 
955 9864 9854 0 -1 9 9 0 
956 9864 9854 0 -1 9 9 0 
957 9864 9854 0 -1 10 10 0 
958 9864 9855 0 -1 9 9 0 
959 9866 9856 0 -1 10 10 0 
960 9865 9855 0 -1 9 9 0 
961 9863 9853 0 -1 10 10 0 
962 9866 9856 0 -1 9 9 0 
963 9865 9855 0 -1 9 9 0 
964 9866 9857 0 -1 9 9 0 
965 9866 9856 0 -1 10 10 0 
966 9866 9855 0 -1 10 10 0 
967 9865 9854 0 -1 10 10 0 
968 9866 9856 0 -1 10 10 0 
969 9865 9855 0 -1 10 10 0 
970 9865 9855 0 -1 9 9 0 
971 9865 9856 0 -1 9 9 0 
972 9866 9856 0 -1 9 9 0 
973 9867 9857 0 -1 10 10 0 
974 9867 9856 0 -1 10 10 0 
975 9863 9854 0 -1 9 9 0 
976 9865 9855 0 -1 9 9 0 
977 9865 9855 0 -1 10 10 0 
978 9867 9857 0 -1 10 10 0 
979 9865 9855 0 -1 10 10 0 
980 9865 9855 0 -1 10 10 0 
981 9866 9856 0 -1 10 10 0 
982 9865 9855 0 -1 10 10 0 
983 9865 9854 0 -1 10 10 0 
984 9864 9854 0 -1 10 10 0 
985 9865 9855 0 -1 9 9 0 
986 9866 9857 0 -1 9 9 0 
987 9865 9855 0 -1 9 9 0 
988 9865 9856 0 -1 9 9 0 
989 9865 9855 0 -1 9 9 0 
990 9864 9854 0 -1 10 10 0 
991 9864 9854 0 -1 9 9 0 
992 9866 9856 0 -1 9 9 0 
993 9865 9856 0 -1 9 9 0 
994 9866 9856 0 -1 9 9 0 
995 9866 9856 0 -1 9 9 0 
996 9865 9855 0 -1 10 10 0 
997 9866 9856 0 -1 9 9 0 
998 9866 9856 0 -1 9 9 0 
999 9867 9857 0 -1 9 9 0 
