#StageNum, TotalCellCount, StemCount, DiffCount, S/D Ratio, TotalMutant, MutantSC, MutantDiff
0 5 5 0 -1 0 0 0 
1 7 5 2 2.5 0 0 0 
2 10 6 4 1.5 0 0 0 
3 13 7 6 1.16 0 0 0 
4 16 8 8 1.0 0 0 0 
5 20 9 10 0.9 0 0 0 
6 23 10 12 0.83 0 0 0 
7 27 11 15 0.73 0 0 0 
8 31 12 18 0.66 0 0 0 
9 35 14 20 0.7 0 0 0 
10 38 15 22 0.68 0 0 0 
11 42 17 25 0.68 0 0 0 
12 47 18 28 0.64 0 0 0 
13 51 20 31 0.64 0 0 0 
14 56 22 33 0.66 0 0 0 
15 61 24 37 0.64 0 0 0 
16 67 26 40 0.65 0 0 0 
17 72 28 44 0.63 0 0 0 
18 78 30 48 0.62 0 0 0 
19 84 32 52 0.61 0 0 0 
20 91 35 55 0.63 0 0 0 
21 98 37 60 0.61 0 0 0 
22 105 40 64 0.62 0 0 0 
23 112 42 69 0.6 0 0 0 
24 119 45 73 0.61 0 0 0 
25 127 48 78 0.61 0 0 0 
26 135 51 83 0.61 0 0 0 
27 142 53 89 0.59 0 0 0 
28 151 58 92 0.63 0 0 0 
29 159 62 97 0.63 0 0 0 
30 169 67 102 0.65 0 0 0 
31 179 70 108 0.64 0 0 0 
32 189 74 114 0.64 0 0 0 
33 200 78 121 0.64 0 0 0 
34 210 81 128 0.63 0 0 0 
35 221 86 135 0.63 0 0 0 
36 233 92 140 0.65 0 0 0 
37 244 95 148 0.64 0 0 0 
38 256 100 155 0.64 0 0 0 
39 268 105 162 0.64 0 0 0 
40 280 109 171 0.63 0 0 0 
41 294 116 177 0.65 0 0 0 
42 307 120 186 0.64 0 0 0 
43 320 127 192 0.66 0 0 0 
44 334 132 200 0.66 0 0 0 
45 348 137 210 0.65 0 0 0 
46 362 141 219 0.64 0 0 0 
47 375 147 227 0.64 0 0 0 
48 389 152 237 0.64 0 0 0 
49 405 159 245 0.64 0 0 0 
50 421 164 256 0.64 0 0 0 
51 437 170 266 0.63 0 0 0 
52 453 176 276 0.63 0 0 0 
53 470 184 284 0.64 0 0 0 
54 485 191 293 0.65 0 0 0 
55 502 197 304 0.64 0 0 0 
56 520 205 314 0.65 0 0 0 
57 536 212 323 0.65 0 0 0 
58 555 220 334 0.65 0 0 0 
59 574 227 346 0.65 0 0 0 
60 593 235 356 0.66 0 0 0 
61 612 241 371 0.64 0 0 0 
62 632 249 382 0.65 0 0 0 
63 651 256 394 0.64 0 0 0 
64 671 264 406 0.65 0 0 0 
65 692 274 417 0.65 0 0 0 
66 713 282 429 0.65 0 0 0 
67 734 289 443 0.65 0 0 0 
68 755 298 456 0.65 0 0 0 
69 778 308 468 0.65 0 0 0 
70 801 318 481 0.66 0 0 0 
71 825 330 494 0.66 0 0 0 
72 849 337 511 0.65 0 0 0 
73 872 347 524 0.66 1 0 0 
74 897 357 539 0.66 0 0 0 
75 922 365 555 0.65 0 0 0 
76 947 375 570 0.65 0 0 0 
77 972 387 584 0.66 0 0 0 
78 998 397 600 0.66 1 0 0 
79 1025 407 616 0.66 1 0 0 
80 1052 418 632 0.66 1 0 0 
81 1080 432 647 0.66 1 0 0 
82 1107 440 665 0.66 1 0 0 
83 1135 451 682 0.66 1 0 0 
84 1162 462 699 0.66 1 0 0 
85 1190 476 713 0.66 1 0 0 
86 1221 491 728 0.67 1 0 0 
87 1251 501 748 0.66 1 0 0 
88 1280 515 763 0.67 1 0 0 
89 1310 530 779 0.68 1 0 0 
90 1341 543 795 0.68 1 1 0 
91 1373 554 816 0.67 1 1 0 
92 1404 569 834 0.68 1 1 0 
93 1438 583 854 0.68 1 1 0 
94 1471 591 878 0.67 1 0 0 
95 1503 603 897 0.67 1 1 0 
96 1535 616 917 0.67 1 1 0 
97 1568 632 933 0.67 1 1 0 
98 1600 645 952 0.67 1 1 0 
99 1633 659 972 0.67 1 1 0 
100 1667 669 996 0.67 2 1 0 
101 1702 681 1018 0.66 1 1 0 
102 1737 697 1037 0.67 2 1 0 
103 1772 709 1060 0.66 2 1 0 
104 1808 722 1083 0.66 1 1 0 
105 1842 736 1103 0.66 2 1 0 
106 1877 747 1127 0.66 2 1 0 
107 1914 762 1149 0.66 2 1 0 
108 1950 776 1172 0.66 2 1 0 
109 1987 791 1193 0.66 2 1 0 
110 2022 811 1209 0.67 2 1 0 
111 2059 825 1232 0.66 2 1 0 
112 2097 842 1252 0.67 2 1 0 
113 2134 860 1271 0.67 2 1 0 
114 2171 880 1288 0.68 2 1 0 
115 2211 892 1316 0.67 2 1 0 
116 2251 906 1342 0.67 2 1 0 
117 2294 927 1364 0.67 2 1 0 
118 2334 942 1389 0.67 2 1 0 
119 2377 960 1414 0.67 2 1 0 
120 2419 974 1443 0.67 2 1 0 
121 2461 990 1468 0.67 2 1 0 
122 2502 1006 1493 0.67 2 1 0 
123 2543 1022 1518 0.67 2 1 0 
124 2585 1040 1542 0.67 2 2 0 
125 2626 1055 1568 0.67 2 2 0 
126 2670 1072 1594 0.67 3 2 0 
127 2713 1089 1621 0.67 3 2 0 
128 2755 1107 1645 0.67 3 2 1 
129 2798 1126 1668 0.67 3 2 1 
130 2842 1147 1692 0.67 3 2 0 
131 2884 1162 1718 0.67 3 2 0 
132 2929 1178 1747 0.67 3 2 0 
133 2974 1194 1776 0.67 3 2 0 
134 3018 1209 1805 0.66 3 2 0 
135 3062 1229 1829 0.67 3 2 1 
136 3106 1245 1856 0.67 3 2 0 
137 3151 1268 1879 0.67 3 2 0 
138 3194 1289 1901 0.67 3 2 0 
139 3240 1305 1931 0.67 3 2 1 
140 3284 1325 1955 0.67 3 2 0 
141 3328 1340 1984 0.67 3 2 1 
142 3372 1363 2005 0.67 3 2 0 
143 3416 1381 2031 0.67 3 2 1 
144 3460 1398 2058 0.67 3 2 1 
145 3502 1410 2087 0.67 3 2 1 
146 3545 1432 2109 0.67 3 2 1 
147 3591 1455 2132 0.68 3 2 1 
148 3634 1477 2152 0.68 3 2 1 
149 3676 1489 2183 0.68 3 2 1 
150 3718 1505 2209 0.68 3 2 1 
151 3757 1520 2233 0.68 4 3 1 
152 3799 1546 2248 0.68 4 3 1 
153 3838 1560 2274 0.68 4 3 1 
154 3879 1577 2298 0.68 4 2 1 
155 3920 1591 2323 0.68 4 3 1 
156 3959 1613 2342 0.68 4 3 1 
157 3998 1624 2369 0.68 4 3 1 
158 4037 1639 2393 0.68 4 3 1 
159 4078 1662 2410 0.68 4 3 1 
160 4114 1677 2433 0.68 4 3 1 
161 4150 1687 2458 0.68 4 3 1 
162 4188 1698 2485 0.68 4 3 1 
163 4222 1711 2507 0.68 4 3 1 
164 4257 1724 2528 0.68 4 3 1 
165 4292 1732 2555 0.67 4 3 1 
166 4327 1745 2578 0.67 4 3 1 
167 4363 1766 2592 0.68 4 3 1 
168 4397 1781 2610 0.68 4 3 1 
169 4431 1794 2632 0.68 5 3 1 
170 4464 1807 2651 0.68 4 3 1 
171 4496 1817 2673 0.67 4 3 1 
172 4525 1832 2687 0.68 4 3 1 
173 4556 1847 2703 0.68 5 3 1 
174 4586 1862 2718 0.68 5 3 1 
175 4615 1879 2730 0.68 4 3 1 
176 4644 1888 2751 0.68 4 3 1 
177 4673 1902 2766 0.68 5 3 1 
178 4704 1912 2786 0.68 5 3 1 
179 4732 1923 2803 0.68 5 3 1 
180 4760 1941 2814 0.68 5 3 1 
181 4788 1946 2836 0.68 5 3 1 
182 4817 1956 2855 0.68 5 4 1 
183 4844 1969 2869 0.68 5 3 1 
184 4870 1980 2884 0.68 5 3 1 
185 4896 1992 2898 0.68 5 3 1 
186 4921 1998 2917 0.68 5 3 1 
187 4948 2000 2942 0.67 5 3 1 
188 4971 2010 2955 0.68 5 3 1 
189 4994 2017 2971 0.67 5 4 1 
190 5020 2031 2983 0.68 5 3 1 
191 5045 2038 3001 0.67 5 4 1 
192 5071 2054 3011 0.68 5 4 1 
193 5095 2066 3024 0.68 5 3 1 
194 5119 2077 3037 0.68 5 3 1 
195 5143 2092 3045 0.68 5 4 1 
196 5166 2093 3067 0.68 5 4 1 
197 5187 2093 3088 0.67 5 4 1 
198 5210 2100 3103 0.67 5 4 1 
199 5233 2110 3117 0.67 5 4 1 
200 5255 2117 3132 0.67 5 4 1 
201 5277 2133 3138 0.67 5 4 1 
202 5297 2137 3154 0.67 5 4 1 
203 5320 2153 3161 0.68 5 4 1 
204 5340 2162 3172 0.68 5 4 1 
205 5362 2168 3188 0.68 5 4 1 
206 5381 2179 3196 0.68 5 4 1 
207 5402 2176 3219 0.67 5 4 1 
208 5423 2191 3226 0.67 5 4 1 
209 5445 2193 3246 0.67 5 4 1 
210 5465 2204 3254 0.67 5 4 1 
211 5484 2215 3262 0.67 5 4 1 
212 5504 2224 3274 0.67 5 4 1 
213 5525 2234 3284 0.68 6 4 1 
214 5543 2242 3295 0.68 6 4 1 
215 5566 2253 3307 0.68 6 4 1 
216 5586 2261 3318 0.68 6 4 1 
217 5608 2271 3330 0.68 6 4 1 
218 5628 2281 3340 0.68 6 4 1 
219 5649 2287 3355 0.68 6 4 1 
220 5667 2291 3369 0.68 6 4 1 
221 5686 2293 3386 0.67 5 4 1 
222 5705 2300 3398 0.67 5 4 1 
223 5724 2315 3403 0.68 6 4 1 
224 5743 2319 3417 0.67 5 4 1 
225 5763 2330 3427 0.67 6 4 1 
226 5784 2338 3439 0.67 6 4 1 
227 5802 2348 3448 0.68 6 4 1 
228 5823 2363 3453 0.68 6 4 1 
229 5842 2370 3466 0.68 5 4 1 
230 5864 2379 3478 0.68 6 4 1 
231 5883 2389 3487 0.68 6 4 1 
232 5901 2392 3502 0.68 6 4 1 
233 5920 2390 3523 0.67 6 4 1 
234 5936 2396 3533 0.67 6 4 1 
235 5953 2408 3538 0.68 6 4 2 
236 5971 2409 3555 0.67 6 4 1 
237 5988 2420 3561 0.67 6 4 1 
238 6007 2426 3574 0.67 6 4 1 
239 6025 2430 3588 0.67 6 4 1 
240 6043 2437 3600 0.67 6 4 1 
241 6058 2443 3608 0.67 6 4 1 
242 6075 2446 3622 0.67 6 4 1 
243 6094 2456 3631 0.67 6 4 2 
244 6112 2472 3634 0.68 6 4 1 
245 6130 2472 3651 0.67 6 4 1 
246 6147 2481 3660 0.67 6 4 1 
247 6163 2484 3673 0.67 6 4 1 
248 6181 2491 3683 0.67 6 4 1 
249 6200 2511 3682 0.68 6 4 1 
250 6220 2515 3698 0.68 6 4 1 
251 6237 2526 3704 0.68 6 4 2 
252 6253 2526 3720 0.67 6 4 2 
253 6271 2529 3734 0.67 6 5 1 
254 6287 2537 3743 0.67 6 4 1 
255 6303 2550 3746 0.68 7 5 2 
256 6321 2562 3751 0.68 6 4 1 
257 6340 2558 3774 0.67 6 4 2 
258 6358 2564 3787 0.67 6 4 1 
259 6374 2575 3792 0.67 6 4 1 
260 6392 2578 3806 0.67 6 4 1 
261 6409 2590 3812 0.67 6 4 1 
262 6425 2587 3831 0.67 7 4 2 
263 6442 2595 3839 0.67 6 5 1 
264 6459 2606 3845 0.67 7 5 1 
265 6477 2619 3850 0.68 7 5 1 
266 6496 2625 3863 0.67 7 5 1 
267 6511 2627 3876 0.67 7 5 1 
268 6529 2632 3890 0.67 7 5 1 
269 6545 2640 3897 0.67 7 5 2 
270 6560 2651 3902 0.67 7 5 2 
271 6575 2664 3903 0.68 7 5 2 
272 6593 2675 3910 0.68 7 5 2 
273 6607 2675 3923 0.68 7 5 1 
274 6620 2673 3940 0.67 7 5 2 
275 6637 2683 3947 0.67 7 5 2 
276 6653 2689 3956 0.67 6 4 1 
277 6668 2691 3970 0.67 7 5 1 
278 6684 2698 3979 0.67 7 5 1 
279 6696 2704 3984 0.67 7 5 1 
280 6711 2709 3994 0.67 7 5 1 
281 6726 2715 4004 0.67 6 4 1 
282 6739 2720 4012 0.67 6 4 1 
283 6753 2731 4014 0.68 6 4 2 
284 6768 2744 4016 0.68 6 5 1 
285 6780 2749 4023 0.68 7 5 1 
286 6793 2755 4031 0.68 7 5 1 
287 6807 2765 4034 0.68 7 5 2 
288 6825 2775 4042 0.68 7 5 1 
289 6841 2780 4053 0.68 7 5 2 
290 6853 2784 4061 0.68 7 5 2 
291 6866 2781 4078 0.68 7 5 1 
292 6880 2782 4090 0.68 7 5 2 
293 6893 2787 4097 0.68 7 5 2 
294 6905 2794 4102 0.68 8 5 2 
295 6918 2800 4109 0.68 8 5 2 
296 6934 2814 4111 0.68 8 5 2 
297 6948 2819 4120 0.68 8 5 2 
298 6961 2820 4133 0.68 8 5 2 
299 6975 2820 4147 0.68 7 5 2 
300 6988 2825 4155 0.67 7 5 2 
301 7000 2824 4167 0.67 7 5 2 
302 7013 2832 4172 0.67 8 5 2 
303 7025 2832 4185 0.67 8 5 2 
304 7040 2848 4184 0.68 7 5 2 
305 7053 2847 4198 0.67 8 5 2 
306 7064 2844 4211 0.67 8 6 2 
307 7077 2859 4210 0.67 8 6 2 
308 7090 2863 4218 0.67 8 5 2 
309 7102 2864 4230 0.67 8 5 2 
310 7114 2872 4233 0.67 8 5 2 
311 7127 2879 4239 0.67 7 5 2 
312 7137 2892 4237 0.68 7 5 2 
313 7149 2897 4244 0.68 8 5 2 
314 7161 2895 4258 0.67 7 5 2 
315 7172 2900 4264 0.68 7 5 2 
316 7182 2898 4275 0.67 8 5 2 
317 7192 2906 4277 0.67 7 5 2 
318 7204 2915 4281 0.68 7 5 2 
319 7214 2912 4294 0.67 7 5 2 
320 7223 2915 4300 0.67 7 5 2 
321 7234 2918 4307 0.67 8 5 2 
322 7245 2919 4318 0.67 8 5 2 
323 7256 2918 4330 0.67 7 5 2 
324 7267 2929 4331 0.67 7 5 2 
325 7279 2937 4333 0.67 7 5 2 
326 7288 2946 4333 0.67 7 5 2 
327 7298 2945 4344 0.67 7 5 2 
328 7308 2956 4344 0.68 7 5 2 
329 7320 2961 4350 0.68 8 5 2 
330 7331 2971 4351 0.68 7 5 2 
331 7342 2971 4363 0.68 7 5 2 
332 7352 2978 4366 0.68 7 5 2 
333 7363 2983 4372 0.68 7 5 1 
334 7372 2985 4379 0.68 7 5 2 
335 7381 2980 4393 0.67 7 5 2 
336 7392 2984 4400 0.67 7 5 2 
337 7402 2989 4405 0.67 8 5 2 
338 7411 2993 4410 0.67 8 5 2 
339 7418 2997 4413 0.67 8 6 2 
340 7429 3001 4419 0.67 8 5 2 
341 7439 3008 4422 0.68 8 5 2 
342 7448 3013 4427 0.68 7 5 2 
343 7457 3019 4430 0.68 7 5 2 
344 7467 3011 4448 0.67 8 5 2 
345 7474 3016 4450 0.67 8 5 2 
346 7483 3023 4451 0.67 8 5 2 
347 7494 3031 4455 0.68 8 5 2 
348 7505 3036 4461 0.68 7 5 2 
349 7514 3041 4465 0.68 7 5 2 
350 7524 3044 4472 0.68 7 5 2 
351 7533 3046 4478 0.68 7 5 2 
352 7541 3051 4481 0.68 7 5 1 
353 7548 3058 4482 0.68 7 5 2 
354 7558 3062 4488 0.68 8 5 2 
355 7569 3071 4489 0.68 7 5 2 
356 7575 3079 4488 0.68 7 5 2 
357 7585 3077 4499 0.68 7 5 2 
358 7592 3073 4510 0.68 8 5 2 
359 7602 3069 4524 0.67 8 6 2 
360 7609 3072 4529 0.67 7 5 2 
361 7617 3077 4532 0.67 8 5 2 
362 7624 3083 4533 0.68 8 5 2 
363 7631 3076 4546 0.67 8 6 2 
364 7639 3081 4549 0.67 8 6 2 
365 7646 3086 4551 0.67 8 5 2 
366 7654 3085 4560 0.67 8 6 2 
367 7662 3099 4554 0.68 8 5 2 
368 7671 3098 4565 0.67 8 5 2 
369 7681 3109 4564 0.68 8 5 2 
370 7688 3107 4572 0.67 8 5 2 
371 7695 3110 4577 0.67 8 5 2 
372 7703 3110 4584 0.67 8 6 2 
373 7711 3118 4584 0.68 8 6 2 
374 7720 3124 4587 0.68 8 5 2 
375 7728 3132 4587 0.68 8 6 2 
376 7735 3141 4585 0.68 8 6 2 
377 7742 3143 4590 0.68 8 6 2 
378 7751 3145 4597 0.68 8 6 2 
379 7758 3153 4596 0.68 8 5 2 
380 7767 3162 4596 0.68 8 5 2 
381 7773 3174 4592 0.69 7 5 2 
382 7781 3176 4597 0.69 8 5 2 
383 7788 3169 4611 0.68 8 6 2 
384 7795 3177 4610 0.68 8 6 2 
385 7803 3174 4619 0.68 8 6 2 
386 7809 3166 4634 0.68 7 5 1 
387 7813 3167 4638 0.68 8 5 2 
388 7820 3170 4642 0.68 8 6 2 
389 7827 3176 4642 0.68 8 6 2 
390 7833 3178 4646 0.68 8 6 2 
391 7840 3185 4646 0.68 8 5 2 
392 7845 3183 4654 0.68 8 5 2 
393 7855 3188 4658 0.68 8 5 2 
394 7860 3191 4661 0.68 8 5 2 
395 7865 3187 4670 0.68 8 6 2 
396 7874 3189 4676 0.68 8 5 2 
397 7878 3195 4673 0.68 8 6 2 
398 7882 3198 4675 0.68 8 5 2 
399 7888 3207 4672 0.68 8 6 2 
400 7894 3208 4677 0.68 8 6 2 
401 7900 3209 4682 0.68 8 6 2 
402 7906 3216 4681 0.68 8 6 2 
403 7914 3218 4687 0.68 8 6 2 
404 7922 3218 4695 0.68 8 6 2 
405 7928 3219 4699 0.68 8 6 2 
406 7932 3222 4700 0.68 9 6 2 
407 7940 3223 4707 0.68 8 6 2 
408 7946 3232 4705 0.68 8 6 2 
409 7953 3235 4709 0.68 8 6 2 
410 7960 3232 4719 0.68 8 6 2 
411 7965 3230 4726 0.68 8 6 2 
412 7970 3240 4722 0.68 8 6 2 
413 7975 3241 4725 0.68 8 6 2 
414 7979 3241 4729 0.68 8 6 2 
415 7985 3244 4733 0.68 8 6 2 
416 7992 3253 4730 0.68 8 6 2 
417 7998 3258 4731 0.68 8 6 2 
418 8005 3257 4739 0.68 8 6 2 
419 8008 3255 4744 0.68 8 6 2 
420 8010 3252 4749 0.68 8 6 2 
421 8016 3253 4753 0.68 8 6 2 
422 8020 3251 4759 0.68 8 6 2 
423 8026 3250 4766 0.68 8 6 2 
424 8030 3257 4763 0.68 8 6 2 
425 8034 3254 4771 0.68 8 6 2 
426 8039 3258 4772 0.68 8 6 2 
427 8043 3256 4778 0.68 9 6 2 
428 8049 3261 4778 0.68 8 6 2 
429 8056 3254 4792 0.67 8 6 2 
430 8061 3263 4788 0.68 8 6 2 
431 8065 3271 4785 0.68 8 6 2 
432 8070 3279 4782 0.68 8 6 2 
433 8074 3277 4787 0.68 9 6 2 
434 8079 3282 4788 0.68 8 6 2 
435 8085 3286 4790 0.68 8 5 2 
436 8092 3282 4802 0.68 8 5 2 
437 8097 3276 4812 0.68 8 6 2 
438 8102 3279 4814 0.68 8 6 2 
439 8107 3276 4822 0.67 8 6 2 
440 8113 3286 4818 0.68 8 6 2 
441 8117 3288 4820 0.68 8 6 2 
442 8122 3279 4834 0.67 8 6 2 
443 8127 3290 4828 0.68 8 6 2 
444 8131 3289 4832 0.68 8 6 2 
445 8135 3286 4839 0.67 8 6 2 
446 8139 3289 4842 0.67 8 6 2 
447 8141 3286 4846 0.67 8 6 2 
448 8145 3283 4853 0.67 8 6 2 
449 8151 3292 4850 0.67 8 6 2 
450 8156 3284 4863 0.67 8 6 2 
451 8159 3287 4863 0.67 8 6 2 
452 8163 3293 4861 0.67 9 6 2 
453 8168 3296 4862 0.67 8 6 2 
454 8171 3303 4859 0.67 9 6 2 
455 8177 3305 4862 0.67 9 6 2 
456 8178 3316 4852 0.68 9 6 2 
457 8185 3317 4859 0.68 9 6 2 
458 8189 3321 4859 0.68 9 6 2 
459 8192 3318 4865 0.68 8 6 2 
460 8196 3326 4861 0.68 8 6 2 
461 8199 3324 4865 0.68 8 6 2 
462 8201 3322 4870 0.68 8 6 2 
463 8205 3322 4874 0.68 8 6 2 
464 8209 3326 4874 0.68 8 6 2 
465 8213 3333 4870 0.68 8 6 2 
466 8220 3334 4876 0.68 8 6 2 
467 8224 3336 4878 0.68 8 6 2 
468 8227 3341 4877 0.68 8 6 2 
469 8231 3338 4883 0.68 9 6 2 
470 8234 3344 4880 0.68 9 6 2 
471 8239 3347 4882 0.68 9 7 2 
472 8243 3342 4891 0.68 9 7 2 
473 8245 3340 4894 0.68 9 7 2 
474 8249 3339 4900 0.68 9 7 2 
475 8252 3338 4904 0.68 9 7 2 
476 8256 3342 4904 0.68 9 6 2 
477 8260 3356 4894 0.68 9 6 2 
478 8265 3362 4893 0.68 9 6 2 
479 8272 3360 4902 0.68 9 6 2 
480 8274 3364 4900 0.68 9 6 2 
481 8278 3360 4908 0.68 9 6 2 
482 8280 3363 4908 0.68 9 6 2 
483 8283 3361 4912 0.68 9 6 2 
484 8287 3367 4910 0.68 9 6 2 
485 8291 3370 4911 0.68 9 6 2 
486 8294 3362 4922 0.68 9 6 2 
487 8295 3370 4916 0.68 9 6 2 
488 8301 3379 4912 0.68 9 6 2 
489 8304 3368 4926 0.68 9 6 2 
490 8307 3371 4926 0.68 9 6 2 
491 8311 3377 4925 0.68 9 6 2 
492 8315 3368 4938 0.68 9 6 2 
493 8320 3372 4938 0.68 9 6 2 
494 8325 3371 4944 0.68 9 6 2 
495 8327 3371 4947 0.68 9 6 2 
496 8329 3378 4941 0.68 9 6 2 
497 8333 3378 4945 0.68 9 6 2 
498 8335 3379 4947 0.68 9 6 2 
499 8338 3372 4956 0.68 9 6 2 
500 8341 3378 4953 0.68 9 6 2 
501 8344 3383 4951 0.68 9 6 2 
502 8348 3390 4948 0.68 9 6 2 
503 8350 3389 4952 0.68 8 6 2 
504 8354 3395 4950 0.68 8 6 2 
505 8360 3398 4953 0.68 8 6 2 
506 8362 3394 4958 0.68 8 6 2 
507 8363 3403 4951 0.68 8 6 2 
508 8366 3389 4968 0.68 9 6 2 
509 8368 3382 4977 0.67 8 6 2 
510 8372 3381 4982 0.67 8 6 2 
511 8373 3385 4979 0.67 8 6 2 
512 8377 3386 4982 0.67 8 6 2 
513 8379 3389 4981 0.68 8 6 2 
514 8381 3393 4979 0.68 8 6 2 
515 8383 3392 4981 0.68 9 6 2 
516 8387 3398 4979 0.68 9 6 2 
517 8389 3402 4977 0.68 9 7 2 
518 8392 3400 4982 0.68 9 7 2 
519 8395 3400 4985 0.68 9 7 2 
520 8397 3402 4985 0.68 9 7 2 
521 8400 3404 4985 0.68 9 7 2 
522 8405 3404 4991 0.68 9 6 2 
523 8407 3408 4990 0.68 9 6 2 
524 8412 3411 4990 0.68 9 6 2 
525 8413 3411 4991 0.68 9 6 2 
526 8415 3412 4993 0.68 9 6 2 
527 8415 3411 4994 0.68 9 7 2 
528 8417 3416 4991 0.68 9 6 2 
529 8420 3422 4988 0.68 9 7 2 
530 8424 3428 4986 0.68 9 6 2 
531 8427 3427 4990 0.68 9 6 2 
532 8428 3426 4992 0.68 9 6 2 
533 8430 3422 4998 0.68 9 6 2 
534 8431 3430 4991 0.68 9 6 2 
535 8434 3432 4992 0.68 9 6 2 
536 8436 3436 4990 0.68 9 6 2 
537 8440 3439 4991 0.68 9 6 2 
538 8442 3435 4998 0.68 9 6 2 
539 8443 3436 4997 0.68 9 6 2 
540 8443 3435 4998 0.68 9 6 2 
541 8446 3430 5006 0.68 9 6 2 
542 8451 3434 5007 0.68 9 6 2 
543 8452 3441 5001 0.68 8 6 2 
544 8456 3440 5006 0.68 9 6 2 
545 8459 3435 5014 0.68 9 6 2 
546 8461 3428 5024 0.68 8 6 2 
547 8463 3428 5026 0.68 9 6 2 
548 8464 3430 5025 0.68 9 7 2 
549 8466 3438 5018 0.68 9 6 2 
550 8468 3441 5017 0.68 9 6 2 
551 8469 3433 5027 0.68 9 6 2 
552 8471 3430 5032 0.68 9 6 2 
553 8471 3425 5037 0.67 8 6 2 
554 8473 3429 5034 0.68 8 6 2 
555 8474 3433 5032 0.68 8 6 2 
556 8474 3435 5030 0.68 8 6 2 
557 8477 3444 5024 0.68 8 6 2 
558 8481 3450 5022 0.68 8 6 2 
559 8482 3454 5018 0.68 8 6 2 
560 8486 3451 5026 0.68 8 6 2 
561 8486 3452 5024 0.68 8 6 2 
562 8488 3449 5030 0.68 8 6 2 
563 8490 3446 5035 0.68 8 6 2 
564 8493 3453 5031 0.68 8 6 2 
565 8494 3452 5032 0.68 9 6 2 
566 8496 3453 5034 0.68 8 6 2 
567 8499 3455 5034 0.68 8 6 2 
568 8498 3462 5027 0.68 8 6 2 
569 8501 3461 5030 0.68 9 6 2 
570 8502 3458 5034 0.68 9 6 2 
571 8503 3458 5035 0.68 8 6 2 
572 8504 3450 5044 0.68 8 6 2 
573 8506 3448 5048 0.68 8 6 2 
574 8505 3451 5044 0.68 9 6 2 
575 8506 3454 5042 0.68 9 6 2 
576 8508 3446 5052 0.68 9 6 2 
577 8507 3442 5055 0.68 9 6 2 
578 8508 3443 5055 0.68 9 6 2 
579 8511 3445 5056 0.68 9 7 2 
580 8513 3454 5049 0.68 10 7 2 
581 8516 3453 5052 0.68 9 7 2 
582 8517 3458 5049 0.68 9 7 2 
583 8515 3447 5059 0.68 9 6 2 
584 8518 3449 5060 0.68 9 6 2 
585 8520 3453 5057 0.68 9 6 2 
586 8522 3454 5057 0.68 9 6 2 
587 8523 3455 5058 0.68 8 6 2 
588 8523 3453 5060 0.68 9 6 2 
589 8524 3449 5066 0.68 9 6 2 
590 8525 3451 5064 0.68 9 6 2 
591 8525 3451 5064 0.68 9 6 2 
592 8525 3449 5066 0.68 9 6 2 
593 8526 3455 5061 0.68 9 6 2 
594 8526 3461 5056 0.68 9 6 2 
595 8530 3463 5057 0.68 8 6 2 
596 8531 3468 5053 0.68 9 6 2 
597 8531 3474 5047 0.68 9 6 2 
598 8528 3463 5056 0.68 9 6 2 
599 8530 3456 5065 0.68 8 6 2 
600 8531 3450 5072 0.68 9 6 2 
601 8532 3449 5074 0.67 9 6 2 
602 8532 3457 5065 0.68 9 6 2 
603 8533 3453 5070 0.68 9 6 2 
604 8533 3464 5059 0.68 9 6 2 
605 8532 3457 5064 0.68 9 7 2 
606 8533 3457 5066 0.68 9 6 2 
607 8533 3456 5068 0.68 9 6 2 
608 8534 3464 5061 0.68 9 6 2 
609 8539 3461 5068 0.68 9 6 2 
610 8541 3455 5075 0.68 9 6 2 
611 8544 3470 5064 0.68 8 6 2 
612 8546 3474 5063 0.68 8 6 2 
613 8546 3463 5074 0.68 8 6 2 
614 8546 3468 5069 0.68 8 6 2 
615 8548 3467 5071 0.68 8 6 2 
616 8548 3463 5075 0.68 8 6 2 
617 8549 3464 5076 0.68 8 6 2 
618 8548 3462 5076 0.68 9 6 2 
619 8548 3464 5075 0.68 8 6 2 
620 8549 3471 5068 0.68 8 6 2 
621 8550 3468 5073 0.68 8 6 2 
622 8551 3463 5078 0.68 9 6 2 
623 8552 3462 5080 0.68 9 7 2 
624 8551 3462 5079 0.68 9 7 2 
625 8551 3473 5068 0.68 9 6 2 
626 8553 3470 5074 0.68 9 6 2 
627 8553 3475 5068 0.68 9 6 2 
628 8554 3476 5069 0.68 8 6 2 
629 8556 3481 5065 0.68 9 6 2 
630 8557 3476 5071 0.68 9 6 2 
631 8557 3486 5061 0.68 9 7 2 
632 8556 3478 5069 0.68 9 7 2 
633 8559 3463 5086 0.68 9 7 2 
634 8560 3467 5083 0.68 9 6 2 
635 8561 3470 5081 0.68 9 6 2 
636 8561 3470 5081 0.68 9 6 2 
637 8561 3477 5074 0.68 9 6 2 
638 8563 3473 5081 0.68 8 6 2 
639 8560 3481 5070 0.68 9 6 2 
640 8562 3483 5069 0.68 9 6 2 
641 8562 3481 5071 0.68 9 6 2 
642 8564 3483 5071 0.68 9 6 2 
643 8563 3482 5071 0.68 9 6 2 
644 8563 3468 5085 0.68 9 6 3 
645 8564 3468 5086 0.68 9 6 2 
646 8564 3471 5083 0.68 9 6 2 
647 8563 3469 5085 0.68 9 6 2 
648 8564 3467 5088 0.68 9 6 2 
649 8565 3475 5079 0.68 9 6 2 
650 8564 3471 5083 0.68 9 6 2 
651 8563 3466 5088 0.68 9 6 2 
652 8565 3472 5084 0.68 9 6 2 
653 8566 3474 5083 0.68 9 6 2 
654 8567 3480 5076 0.68 9 6 2 
655 8567 3469 5088 0.68 9 6 2 
656 8567 3474 5083 0.68 9 6 2 
657 8568 3480 5079 0.68 9 6 2 
658 8568 3476 5083 0.68 9 6 2 
659 8569 3473 5086 0.68 9 6 2 
660 8569 3475 5084 0.68 9 6 2 
661 8570 3474 5086 0.68 9 6 2 
662 8570 3480 5081 0.68 9 6 2 
663 8570 3477 5084 0.68 8 6 2 
664 8570 3475 5086 0.68 9 6 2 
665 8570 3483 5077 0.68 9 6 2 
666 8570 3485 5075 0.68 9 7 2 
667 8571 3480 5081 0.68 9 6 2 
668 8572 3479 5083 0.68 9 6 2 
669 8571 3479 5082 0.68 9 6 2 
670 8572 3475 5087 0.68 9 6 2 
671 8574 3487 5077 0.68 9 6 2 
672 8574 3476 5089 0.68 9 6 2 
673 8575 3472 5093 0.68 9 6 2 
674 8574 3485 5080 0.68 9 6 2 
675 8573 3484 5079 0.68 9 6 2 
676 8573 3486 5077 0.68 9 7 2 
677 8573 3479 5083 0.68 9 7 2 
678 8572 3482 5080 0.68 9 7 2 
679 8570 3472 5087 0.68 9 7 2 
680 8570 3473 5087 0.68 9 6 2 
681 8571 3468 5093 0.68 9 6 2 
682 8572 3472 5090 0.68 9 6 2 
683 8572 3477 5086 0.68 9 6 2 
684 8573 3487 5076 0.68 9 6 2 
685 8575 3479 5086 0.68 9 7 2 
686 8575 3488 5077 0.68 9 6 2 
687 8574 3489 5075 0.68 9 7 2 
688 8575 3494 5070 0.68 9 7 2 
689 8575 3493 5072 0.68 9 6 2 
690 8573 3493 5071 0.68 9 6 2 
691 8575 3491 5075 0.68 9 6 2 
692 8576 3490 5077 0.68 9 6 2 
693 8575 3486 5080 0.68 9 6 2 
694 8573 3483 5080 0.68 9 7 2 
695 8573 3482 5081 0.68 9 6 2 
696 8573 3482 5081 0.68 9 6 2 
697 8573 3473 5090 0.68 9 6 2 
698 8574 3473 5091 0.68 9 6 2 
699 8574 3478 5086 0.68 9 6 2 
700 8574 3480 5084 0.68 9 6 2 
701 8574 3484 5081 0.68 9 6 2 
702 8574 3479 5085 0.68 9 6 2 
703 8572 3475 5087 0.68 9 6 2 
704 8573 3475 5088 0.68 9 6 2 
705 8571 3472 5090 0.68 9 6 2 
706 8573 3471 5092 0.68 9 6 2 
707 8573 3477 5086 0.68 9 6 2 
708 8575 3473 5092 0.68 9 6 2 
709 8575 3471 5095 0.68 9 6 2 
710 8574 3474 5091 0.68 9 6 2 
711 8573 3473 5091 0.68 9 6 2 
712 8575 3479 5087 0.68 9 6 2 
713 8572 3475 5088 0.68 9 6 2 
714 8571 3479 5082 0.68 9 6 2 
715 8571 3486 5075 0.68 9 7 2 
716 8574 3481 5083 0.68 9 7 2 
717 8575 3487 5079 0.68 9 6 2 
718 8574 3483 5081 0.68 9 7 2 
719 8575 3484 5081 0.68 9 7 2 
720 8575 3478 5087 0.68 9 7 2 
721 8575 3465 5100 0.67 9 6 2 
722 8575 3468 5097 0.68 10 7 2 
723 8575 3466 5099 0.67 9 7 2 
724 8575 3475 5089 0.68 10 7 2 
725 8576 3477 5089 0.68 9 7 2 
726 8576 3473 5093 0.68 9 7 2 
727 8576 3471 5095 0.68 9 7 2 
728 8575 3477 5088 0.68 9 6 2 
729 8573 3479 5085 0.68 9 7 2 
730 8574 3475 5090 0.68 9 6 2 
731 8575 3473 5093 0.68 9 6 2 
732 8575 3474 5092 0.68 9 6 2 
733 8578 3479 5089 0.68 9 6 2 
734 8578 3484 5084 0.68 9 6 2 
735 8576 3472 5095 0.68 9 6 2 
736 8576 3469 5097 0.68 9 6 2 
737 8575 3466 5100 0.67 9 7 2 
738 8576 3477 5089 0.68 9 6 2 
739 8577 3466 5101 0.67 9 6 2 
740 8577 3473 5094 0.68 8 6 2 
741 8578 3476 5093 0.68 8 6 2 
742 8579 3475 5094 0.68 8 6 2 
743 8578 3482 5087 0.68 9 6 2 
744 8578 3483 5086 0.68 9 6 2 
745 8577 3475 5092 0.68 9 6 2 
746 8577 3476 5092 0.68 9 6 2 
747 8578 3477 5091 0.68 8 6 2 
748 8578 3485 5083 0.68 9 6 2 
749 8576 3485 5082 0.68 9 6 2 
750 8579 3474 5095 0.68 9 6 2 
751 8579 3478 5091 0.68 9 6 2 
752 8579 3481 5088 0.68 9 7 2 
753 8579 3484 5084 0.68 9 7 2 
754 8578 3486 5082 0.68 9 6 2 
755 8578 3485 5083 0.68 9 7 2 
756 8577 3484 5082 0.68 9 6 2 
757 8578 3484 5084 0.68 9 6 2 
758 8577 3478 5088 0.68 10 7 2 
759 8575 3474 5090 0.68 9 6 2 
760 8575 3478 5086 0.68 10 7 2 
761 8575 3481 5084 0.68 9 7 2 
762 8576 3484 5081 0.68 10 7 2 
763 8575 3476 5089 0.68 9 7 2 
764 8575 3473 5091 0.68 9 6 2 
765 8575 3472 5093 0.68 9 6 2 
766 8575 3471 5093 0.68 9 6 2 
767 8575 3477 5088 0.68 9 6 2 
768 8576 3480 5086 0.68 9 6 2 
769 8575 3473 5092 0.68 9 6 2 
770 8576 3478 5089 0.68 8 6 2 
771 8577 3478 5090 0.68 8 5 2 
772 8576 3473 5094 0.68 8 5 2 
773 8575 3473 5093 0.68 8 6 2 
774 8578 3472 5096 0.68 8 6 2 
775 8579 3472 5097 0.68 9 6 2 
776 8580 3470 5100 0.68 9 6 2 
777 8579 3467 5102 0.67 8 6 2 
778 8579 3465 5105 0.67 8 6 2 
779 8579 3462 5107 0.67 9 6 2 
780 8578 3462 5107 0.67 9 6 2 
781 8577 3461 5107 0.67 8 6 2 
782 8577 3471 5096 0.68 9 6 2 
783 8578 3465 5103 0.67 9 6 2 
784 8579 3478 5091 0.68 9 6 2 
785 8578 3470 5098 0.68 9 6 2 
786 8577 3467 5100 0.67 8 6 2 
787 8575 3470 5096 0.68 8 6 2 
788 8576 3474 5093 0.68 9 6 2 
789 8576 3476 5091 0.68 9 6 2 
790 8578 3481 5087 0.68 9 7 2 
791 8577 3481 5085 0.68 9 7 2 
792 8578 3483 5084 0.68 9 7 2 
793 8576 3480 5086 0.68 9 7 2 
794 8577 3483 5084 0.68 9 6 2 
795 8577 3478 5089 0.68 9 6 2 
796 8578 3475 5094 0.68 9 6 2 
797 8580 3475 5095 0.68 9 6 2 
798 8579 3472 5097 0.68 9 6 2 
799 8578 3475 5093 0.68 9 6 2 
800 8579 3462 5107 0.67 9 6 2 
801 8577 3465 5102 0.67 9 6 2 
802 8578 3465 5103 0.67 9 6 2 
803 8578 3467 5100 0.67 9 6 2 
804 8580 3473 5097 0.68 9 6 2 
805 8580 3468 5102 0.67 9 6 2 
806 8578 3463 5105 0.67 9 6 2 
807 8578 3469 5098 0.68 10 7 2 
808 8581 3464 5106 0.67 9 6 3 
809 8580 3466 5104 0.67 9 6 2 
810 8579 3473 5096 0.68 9 6 2 
811 8579 3472 5096 0.68 9 7 2 
812 8578 3470 5098 0.68 9 6 2 
813 8576 3469 5097 0.68 9 6 2 
814 8576 3475 5091 0.68 9 6 2 
815 8576 3474 5093 0.68 9 6 2 
816 8578 3476 5092 0.68 9 6 2 
817 8577 3475 5092 0.68 9 7 2 
818 8579 3481 5088 0.68 9 7 2 
819 8578 3479 5089 0.68 9 6 2 
820 8579 3483 5086 0.68 9 6 2 
821 8577 3474 5093 0.68 9 6 2 
822 8576 3471 5095 0.68 9 6 2 
823 8577 3469 5098 0.68 9 7 2 
824 8576 3463 5103 0.67 9 6 2 
825 8577 3453 5114 0.67 9 7 2 
826 8576 3467 5099 0.67 9 7 2 
827 8575 3476 5090 0.68 9 7 2 
828 8574 3477 5087 0.68 9 6 2 
829 8574 3473 5091 0.68 9 7 2 
830 8574 3472 5092 0.68 9 7 2 
831 8574 3480 5084 0.68 9 6 2 
832 8575 3478 5088 0.68 9 6 2 
833 8575 3485 5079 0.68 9 7 2 
834 8574 3479 5084 0.68 9 6 2 
835 8574 3472 5092 0.68 9 6 2 
836 8574 3465 5098 0.67 9 6 2 
837 8573 3458 5105 0.67 9 6 2 
838 8574 3460 5104 0.67 9 6 3 
839 8574 3462 5101 0.67 9 7 2 
840 8574 3463 5100 0.67 9 6 2 
841 8573 3472 5090 0.68 9 7 2 
842 8575 3471 5094 0.68 9 7 2 
843 8577 3474 5092 0.68 9 7 2 
844 8575 3471 5094 0.68 9 7 2 
845 8577 3481 5085 0.68 9 7 2 
846 8578 3476 5092 0.68 9 7 2 
847 8576 3485 5081 0.68 9 6 2 
848 8577 3484 5083 0.68 9 6 2 
849 8578 3486 5082 0.68 9 6 2 
850 8575 3488 5077 0.68 9 6 2 
851 8577 3491 5077 0.68 9 6 2 
852 8579 3490 5079 0.68 9 6 2 
853 8580 3481 5090 0.68 9 6 2 
854 8579 3480 5089 0.68 9 6 2 
855 8578 3484 5084 0.68 9 6 2 
856 8578 3478 5090 0.68 9 6 2 
857 8578 3480 5089 0.68 9 6 2 
858 8580 3476 5095 0.68 8 6 2 
859 8579 3474 5095 0.68 8 6 2 
860 8577 3470 5098 0.68 9 6 2 
861 8580 3475 5096 0.68 9 6 2 
862 8580 3474 5097 0.68 8 6 2 
863 8579 3468 5100 0.68 9 6 2 
864 8577 3464 5103 0.67 9 6 2 
865 8577 3458 5109 0.67 9 6 2 
866 8576 3460 5106 0.67 9 6 2 
867 8576 3468 5098 0.68 9 6 2 
868 8578 3472 5096 0.68 9 6 2 
869 8578 3475 5093 0.68 9 7 2 
870 8579 3462 5107 0.67 9 7 2 
871 8578 3470 5098 0.68 9 6 2 
872 8578 3467 5100 0.67 9 6 2 
873 8576 3474 5093 0.68 8 6 2 
874 8573 3469 5095 0.68 8 6 2 
875 8573 3469 5094 0.68 8 6 2 
876 8576 3477 5089 0.68 9 6 2 
877 8577 3470 5098 0.68 8 6 2 
878 8577 3466 5102 0.67 9 6 2 
879 8579 3471 5098 0.68 9 6 2 
880 8577 3471 5097 0.68 9 6 2 
881 8579 3468 5102 0.67 9 6 2 
882 8579 3468 5101 0.67 9 6 2 
883 8578 3485 5083 0.68 9 6 2 
884 8577 3478 5090 0.68 9 6 2 
885 8577 3476 5091 0.68 9 6 2 
886 8579 3481 5088 0.68 9 6 2 
887 8578 3481 5087 0.68 9 6 2 
888 8578 3479 5089 0.68 8 6 2 
889 8578 3472 5095 0.68 9 6 2 
890 8577 3476 5090 0.68 9 6 2 
891 8575 3474 5091 0.68 9 6 2 
892 8577 3470 5096 0.68 9 6 2 
893 8578 3468 5100 0.68 9 6 2 
894 8578 3466 5102 0.67 9 6 2 
895 8577 3467 5099 0.67 9 6 2 
896 8578 3478 5090 0.68 9 6 2 
897 8578 3476 5092 0.68 9 7 2 
898 8579 3489 5080 0.68 9 7 2 
899 8578 3486 5083 0.68 9 6 2 
900 8577 3477 5090 0.68 9 6 2 
901 8578 3470 5099 0.68 9 6 2 
902 8579 3473 5097 0.68 8 6 2 
903 8579 3475 5095 0.68 9 6 2 
904 8578 3479 5089 0.68 9 6 2 
905 8577 3474 5092 0.68 9 6 2 
906 8577 3482 5084 0.68 9 6 2 
907 8577 3480 5087 0.68 9 6 2 
908 8577 3480 5087 0.68 9 6 2 
909 8577 3479 5089 0.68 9 6 2 
910 8576 3475 5091 0.68 9 6 2 
911 8577 3474 5093 0.68 9 6 2 
912 8577 3472 5094 0.68 9 6 2 
913 8577 3470 5098 0.68 9 6 2 
914 8579 3473 5096 0.68 9 6 2 
915 8578 3468 5101 0.67 8 6 2 
916 8578 3470 5098 0.68 9 6 2 
917 8579 3471 5098 0.68 8 6 2 
918 8579 3469 5100 0.68 9 6 2 
919 8578 3473 5095 0.68 8 6 2 
920 8576 3473 5094 0.68 8 6 2 
921 8578 3476 5092 0.68 9 6 2 
922 8578 3487 5082 0.68 9 6 2 
923 8578 3481 5087 0.68 9 6 2 
924 8577 3473 5094 0.68 9 6 2 
925 8578 3472 5095 0.68 9 6 2 
926 8577 3477 5090 0.68 9 7 2 
927 8576 3480 5086 0.68 9 6 2 
928 8576 3478 5088 0.68 9 6 2 
929 8576 3477 5089 0.68 9 6 2 
930 8577 3467 5100 0.67 9 6 2 
931 8577 3463 5104 0.67 9 6 2 
932 8577 3470 5097 0.68 9 6 2 
933 8577 3467 5100 0.67 9 7 2 
934 8576 3470 5096 0.68 9 6 2 
935 8575 3469 5095 0.68 9 6 2 
936 8577 3478 5089 0.68 9 6 2 
937 8579 3482 5088 0.68 9 7 2 
938 8577 3485 5082 0.68 9 6 2 
939 8578 3480 5088 0.68 9 6 2 
940 8578 3481 5088 0.68 9 6 2 
941 8578 3477 5092 0.68 9 7 2 
942 8579 3472 5097 0.68 9 6 2 
943 8580 3477 5094 0.68 9 6 2 
944 8580 3474 5095 0.68 9 6 2 
945 8581 3480 5092 0.68 9 6 2 
946 8579 3487 5083 0.68 9 6 2 
947 8579 3481 5088 0.68 9 6 2 
948 8578 3477 5092 0.68 8 6 2 
949 8578 3474 5095 0.68 9 6 2 
950 8579 3470 5099 0.68 9 6 2 
951 8580 3482 5088 0.68 9 6 2 
952 8577 3482 5085 0.68 9 6 2 
953 8576 3475 5091 0.68 9 6 2 
954 8577 3473 5094 0.68 10 7 2 
955 8575 3480 5085 0.68 9 6 2 
956 8577 3481 5086 0.68 9 6 2 
957 8578 3479 5089 0.68 9 6 2 
958 8578 3471 5098 0.68 9 6 2 
959 8579 3460 5109 0.67 9 6 2 
960 8578 3467 5102 0.67 8 6 2 
961 8576 3466 5101 0.67 8 6 2 
962 8577 3473 5095 0.68 8 6 2 
963 8578 3477 5091 0.68 9 6 2 
964 8578 3476 5093 0.68 9 6 2 
965 8579 3476 5093 0.68 9 6 2 
966 8579 3479 5090 0.68 9 6 2 
967 8578 3478 5090 0.68 9 6 2 
968 8579 3472 5097 0.68 9 6 2 
969 8580 3475 5094 0.68 9 6 2 
970 8579 3475 5094 0.68 9 6 2 
971 8578 3467 5101 0.67 9 7 2 
972 8579 3466 5102 0.67 10 7 2 
973 8577 3479 5087 0.68 9 7 2 
974 8577 3484 5083 0.68 9 6 2 
975 8578 3488 5080 0.68 9 6 2 
976 8577 3481 5087 0.68 9 6 2 
977 8579 3481 5088 0.68 9 6 2 
978 8579 3483 5087 0.68 8 6 2 
979 8579 3478 5092 0.68 8 6 2 
980 8578 3476 5093 0.68 8 6 2 
981 8577 3483 5086 0.68 8 6 2 
982 8576 3493 5074 0.68 8 6 2 
983 8577 3493 5075 0.68 8 6 2 
984 8578 3493 5076 0.68 8 5 2 
985 8578 3490 5078 0.68 8 6 2 
986 8579 3492 5078 0.68 8 6 2 
987 8579 3494 5076 0.68 8 6 2 
988 8579 3492 5078 0.68 8 6 2 
989 8580 3485 5086 0.68 8 6 2 
990 8581 3486 5086 0.68 9 6 2 
991 8580 3486 5084 0.68 9 6 2 
992 8581 3487 5084 0.68 9 6 2 
993 8581 3481 5091 0.68 8 6 2 
994 8583 3479 5094 0.68 9 6 2 
995 8583 3476 5097 0.68 9 6 2 
996 8582 3476 5095 0.68 9 6 2 
997 8581 3468 5103 0.67 9 6 2 
998 8581 3468 5102 0.67 9 6 2 
999 8578 3473 5095 0.68 9 6 2 
