#StageNum, TotalCellCount, StemCount, DiffCount, S/D Ratio, MutantCount
0 5 5 0 -1 0 
1 11 8 3 2.66 0 
2 22 13 8 1.62 0 
3 40 22 18 1.22 0 
4 69 36 32 1.12 0 
5 113 58 55 1.05 0 
6 185 94 90 1.04 0 
7 297 150 147 1.02 0 
8 472 236 235 1.0 0 
9 740 370 370 1.0 0 
10 1127 561 565 0.99 0 
11 1671 832 839 0.99 0 
12 2390 1190 1199 0.99 0 
13 3277 1633 1644 0.99 0 
14 4266 2126 2140 0.99 0 
15 5289 2632 2657 0.99 0 
16 6267 3111 3155 0.98 0 
17 7133 3545 3587 0.98 0 
18 7858 3906 3951 0.98 0 
19 8427 4183 4244 0.98 0 
20 8853 4387 4465 0.98 0 
21 9158 4534 4624 0.98 0 
22 9370 4633 4737 0.97 0 
23 9511 4694 4816 0.97 0 
24 9602 4734 4867 0.97 0 
25 9660 4757 4903 0.97 0 
26 9697 4769 4927 0.96 0 
27 9721 4773 4947 0.96 0 
28 9735 4772 4962 0.96 0 
29 9744 4768 4976 0.95 0 
30 9750 4763 4986 0.95 0 
31 9754 4757 4996 0.95 0 
32 9757 4752 5005 0.94 0 
33 9756 4746 5010 0.94 0 
34 9756 4739 5016 0.94 0 
35 9758 4736 5021 0.94 0 
36 9758 4730 5027 0.94 0 
37 9757 4726 5031 0.93 0 
38 9757 4720 5036 0.93 0 
39 9758 4715 5042 0.93 0 
40 9757 4710 5047 0.93 0 
41 9757 4703 5053 0.93 0 
42 9758 4698 5060 0.92 0 
43 9757 4692 5065 0.92 0 
44 9755 4685 5069 0.92 0 
45 9754 4678 5076 0.92 0 
46 9754 4671 5082 0.91 0 
47 9755 4666 5089 0.91 0 
48 9757 4659 5097 0.91 0 
49 9756 4653 5103 0.91 0 
50 9755 4648 5106 0.91 0 
51 9755 4644 5111 0.9 0 
52 9754 4639 5115 0.9 0 
53 9755 4634 5120 0.9 0 
54 9756 4628 5127 0.9 0 
55 9755 4624 5131 0.9 0 
56 9754 4619 5135 0.89 0 
57 9754 4615 5139 0.89 0 
58 9754 4611 5142 0.89 0 
59 9752 4605 5146 0.89 0 
60 9754 4602 5152 0.89 0 
61 9755 4598 5157 0.89 0 
62 9753 4591 5161 0.88 0 
63 9753 4587 5165 0.88 0 
64 9752 4583 5169 0.88 0 
65 9752 4578 5173 0.88 0 
66 9752 4574 5178 0.88 0 
67 9752 4568 5183 0.88 0 
68 9751 4563 5187 0.87 0 
69 9753 4560 5192 0.87 0 
70 9752 4558 5194 0.87 0 
71 9753 4555 5197 0.87 0 
72 9752 4550 5202 0.87 0 
73 9752 4546 5205 0.87 0 
74 9750 4543 5207 0.87 0 
75 9750 4539 5210 0.87 0 
76 9750 4535 5214 0.86 0 
77 9751 4533 5217 0.86 0 
78 9749 4529 5220 0.86 0 
79 9747 4524 5223 0.86 0 
80 9747 4521 5225 0.86 0 
81 9750 4518 5231 0.86 0 
82 9751 4516 5234 0.86 0 
83 9750 4512 5237 0.86 0 
84 9751 4510 5240 0.86 0 
85 9749 4505 5244 0.85 0 
86 9750 4502 5247 0.85 0 
87 9750 4500 5250 0.85 0 
88 9751 4496 5254 0.85 0 
89 9750 4493 5257 0.85 0 
90 9746 4487 5259 0.85 0 
91 9746 4483 5263 0.85 0 
92 9748 4480 5267 0.85 0 
93 9746 4475 5270 0.84 0 
94 9746 4475 5271 0.84 0 
95 9746 4470 5276 0.84 0 
96 9744 4464 5280 0.84 0 
97 9745 4462 5283 0.84 0 
98 9746 4459 5287 0.84 0 
99 9745 4454 5290 0.84 0 
100 9745 4450 5294 0.84 0 
101 9746 4449 5296 0.84 0 
102 9746 4447 5299 0.83 0 
103 9745 4442 5302 0.83 0 
104 9745 4441 5304 0.83 0 
105 9745 4439 5306 0.83 0 
106 9743 4436 5307 0.83 0 
107 9745 4435 5309 0.83 0 
108 9745 4433 5312 0.83 0 
109 9745 4431 5314 0.83 0 
110 9746 4427 5319 0.83 0 
111 9747 4424 5322 0.83 0 
112 9746 4421 5325 0.83 0 
113 9745 4418 5327 0.82 0 
114 9745 4415 5329 0.82 0 
115 9744 4413 5331 0.82 0 
116 9745 4412 5333 0.82 0 
117 9746 4409 5336 0.82 0 
118 9746 4406 5339 0.82 0 
119 9744 4403 5341 0.82 0 
120 9745 4401 5344 0.82 0 
121 9746 4401 5345 0.82 0 
122 9744 4399 5344 0.82 0 
123 9743 4397 5346 0.82 0 
124 9743 4393 5349 0.82 0 
125 9741 4390 5350 0.82 0 
126 9743 4390 5353 0.82 0 
127 9743 4388 5354 0.81 0 
128 9741 4385 5356 0.81 0 
129 9741 4383 5357 0.81 0 
130 9741 4383 5358 0.81 0 
131 9741 4380 5361 0.81 0 
132 9741 4378 5362 0.81 0 
133 9742 4375 5366 0.81 0 
134 9740 4373 5367 0.81 0 
135 9741 4372 5368 0.81 0 
136 9742 4369 5373 0.81 0 
137 9743 4368 5374 0.81 0 
138 9743 4367 5376 0.81 0 
139 9743 4364 5379 0.81 0 
140 9743 4362 5381 0.81 0 
141 9743 4359 5384 0.8 0 
142 9744 4357 5386 0.8 0 
143 9744 4357 5387 0.8 0 
144 9742 4354 5388 0.8 0 
145 9743 4351 5391 0.8 0 
146 9743 4350 5393 0.8 0 
147 9743 4347 5395 0.8 0 
148 9741 4344 5397 0.8 0 
149 9740 4341 5398 0.8 0 
150 9739 4338 5401 0.8 0 
151 9740 4335 5405 0.8 0 
152 9744 4335 5408 0.8 0 
153 9742 4334 5408 0.8 0 
154 9741 4330 5410 0.8 0 
155 9739 4326 5412 0.79 0 
156 9737 4323 5413 0.79 0 
157 9738 4324 5413 0.79 0 
158 9741 4324 5417 0.79 0 
159 9739 4322 5417 0.79 0 
160 9737 4319 5418 0.79 0 
161 9740 4320 5419 0.79 0 
162 9741 4319 5421 0.79 0 
163 9740 4318 5421 0.79 0 
164 9739 4315 5424 0.79 0 
165 9740 4315 5424 0.79 0 
166 9739 4314 5424 0.79 0 
167 9740 4311 5428 0.79 0 
168 9740 4310 5429 0.79 0 
169 9740 4308 5431 0.79 0 
170 9739 4305 5434 0.79 0 
171 9740 4304 5435 0.79 0 
172 9738 4301 5437 0.79 0 
173 9738 4298 5439 0.79 0 
174 9740 4298 5441 0.78 0 
175 9741 4298 5442 0.78 0 
176 9740 4297 5442 0.78 0 
177 9741 4297 5444 0.78 0 
178 9739 4293 5445 0.78 0 
179 9739 4291 5447 0.78 0 
180 9739 4291 5447 0.78 0 
181 9739 4292 5447 0.78 0 
182 9738 4290 5448 0.78 0 
183 9740 4291 5448 0.78 0 
184 9738 4287 5451 0.78 0 
185 9737 4286 5450 0.78 0 
186 9736 4284 5452 0.78 0 
187 9736 4284 5452 0.78 0 
188 9735 4281 5453 0.78 0 
189 9734 4280 5454 0.78 0 
190 9737 4281 5455 0.78 0 
191 9736 4280 5456 0.78 0 
192 9736 4279 5457 0.78 0 
193 9736 4278 5458 0.78 0 
194 9738 4279 5459 0.78 0 
195 9737 4279 5458 0.78 0 
196 9736 4278 5457 0.78 0 
197 9736 4277 5459 0.78 0 
198 9736 4276 5459 0.78 0 
199 9738 4278 5459 0.78 0 
200 9739 4279 5460 0.78 0 
201 9737 4278 5459 0.78 0 
202 9739 4279 5460 0.78 0 
203 9737 4277 5460 0.78 0 
204 9736 4273 5463 0.78 0 
205 9736 4272 5464 0.78 0 
206 9735 4269 5466 0.78 0 
207 9734 4269 5464 0.78 0 
208 9735 4268 5467 0.78 0 
209 9735 4267 5468 0.78 0 
210 9735 4265 5470 0.77 0 
211 9739 4268 5471 0.78 0 
212 9738 4266 5472 0.77 0 
213 9739 4265 5473 0.77 0 
214 9737 4265 5472 0.77 0 
215 9739 4264 5474 0.77 0 
216 9739 4265 5473 0.77 0 
217 9736 4263 5473 0.77 0 
218 9735 4261 5473 0.77 0 
219 9735 4260 5475 0.77 0 
220 9735 4260 5474 0.77 0 
221 9737 4260 5476 0.77 0 
222 9736 4257 5478 0.77 0 
223 9733 4255 5477 0.77 0 
224 9734 4254 5479 0.77 0 
225 9733 4253 5480 0.77 0 
226 9735 4254 5481 0.77 0 
227 9733 4251 5481 0.77 0 
228 9733 4251 5481 0.77 0 
229 9732 4251 5480 0.77 0 
230 9733 4251 5482 0.77 0 
231 9735 4254 5481 0.77 0 
232 9735 4252 5482 0.77 0 
233 9736 4253 5482 0.77 0 
234 9736 4252 5484 0.77 0 
235 9738 4252 5486 0.77 0 
236 9738 4249 5489 0.77 0 
237 9736 4248 5488 0.77 0 
238 9737 4250 5486 0.77 0 
239 9736 4250 5485 0.77 0 
240 9736 4252 5484 0.77 0 
241 9739 4253 5485 0.77 0 
242 9736 4251 5484 0.77 0 
243 9736 4253 5483 0.77 0 
244 9736 4251 5484 0.77 0 
245 9734 4249 5484 0.77 0 
246 9734 4250 5483 0.77 0 
247 9732 4249 5483 0.77 0 
248 9734 4249 5484 0.77 0 
249 9734 4249 5485 0.77 0 
250 9733 4247 5485 0.77 0 
251 9733 4249 5484 0.77 0 
252 9733 4246 5486 0.77 0 
253 9733 4247 5486 0.77 0 
254 9734 4247 5487 0.77 0 
255 9733 4245 5488 0.77 0 
256 9735 4245 5489 0.77 0 
257 9735 4245 5489 0.77 0 
258 9736 4245 5490 0.77 0 
259 9734 4245 5489 0.77 0 
260 9736 4247 5489 0.77 0 
261 9736 4247 5488 0.77 0 
262 9737 4247 5489 0.77 0 
263 9736 4245 5491 0.77 0 
264 9736 4244 5492 0.77 0 
265 9736 4242 5494 0.77 0 
266 9737 4243 5494 0.77 0 
267 9737 4241 5495 0.77 0 
268 9738 4242 5495 0.77 0 
269 9739 4242 5496 0.77 0 
270 9738 4241 5497 0.77 0 
271 9737 4237 5499 0.77 0 
272 9738 4238 5499 0.77 0 
273 9735 4235 5500 0.77 0 
274 9735 4234 5500 0.76 0 
275 9735 4233 5501 0.76 0 
276 9734 4234 5499 0.76 0 
277 9735 4234 5501 0.76 0 
278 9738 4236 5501 0.77 0 
279 9735 4235 5500 0.77 0 
280 9734 4234 5500 0.76 0 
281 9732 4234 5498 0.77 0 
282 9734 4233 5501 0.76 0 
283 9734 4233 5501 0.76 0 
284 9733 4232 5501 0.76 0 
285 9734 4232 5501 0.76 0 
286 9732 4230 5502 0.76 0 
287 9734 4230 5504 0.76 0 
288 9734 4230 5503 0.76 0 
289 9733 4231 5501 0.76 0 
290 9733 4231 5501 0.76 0 
291 9734 4233 5501 0.76 0 
292 9732 4229 5502 0.76 0 
293 9732 4230 5502 0.76 0 
294 9731 4229 5502 0.76 0 
295 9731 4231 5500 0.76 0 
296 9732 4231 5501 0.76 0 
297 9735 4232 5502 0.76 0 
298 9736 4231 5505 0.76 0 
299 9737 4232 5505 0.76 0 
300 9736 4232 5503 0.76 0 
301 9736 4232 5504 0.76 0 
302 9734 4232 5501 0.76 0 
303 9736 4232 5503 0.76 0 
304 9733 4231 5502 0.76 0 
305 9735 4232 5502 0.76 0 
306 9734 4231 5503 0.76 0 
307 9733 4232 5501 0.76 0 
308 9732 4231 5501 0.76 0 
309 9732 4229 5502 0.76 0 
310 9734 4230 5504 0.76 0 
311 9735 4232 5502 0.76 0 
312 9733 4232 5501 0.76 0 
313 9732 4230 5502 0.76 0 
314 9734 4231 5502 0.76 0 
315 9731 4230 5500 0.76 0 
316 9731 4231 5500 0.76 0 
317 9732 4229 5503 0.76 0 
318 9732 4230 5502 0.76 0 
319 9734 4230 5504 0.76 0 
320 9734 4229 5504 0.76 0 
321 9730 4228 5502 0.76 0 
322 9731 4228 5503 0.76 0 
323 9733 4229 5503 0.76 0 
324 9732 4229 5502 0.76 0 
325 9733 4231 5502 0.76 0 
326 9733 4232 5501 0.76 0 
327 9734 4234 5499 0.76 0 
328 9735 4235 5500 0.77 0 
329 9736 4235 5500 0.77 0 
330 9737 4237 5499 0.77 0 
331 9735 4236 5499 0.77 0 
332 9737 4237 5499 0.77 0 
333 9739 4237 5501 0.77 0 
334 9737 4235 5501 0.76 0 
335 9735 4234 5500 0.76 0 
336 9732 4231 5500 0.76 0 
337 9734 4232 5502 0.76 0 
338 9734 4232 5502 0.76 0 
339 9734 4231 5503 0.76 0 
340 9735 4229 5506 0.76 0 
341 9735 4228 5506 0.76 0 
342 9735 4229 5505 0.76 0 
343 9736 4230 5505 0.76 0 
344 9734 4231 5502 0.76 0 
345 9736 4233 5503 0.76 0 
346 9735 4232 5503 0.76 0 
347 9733 4230 5503 0.76 0 
348 9735 4231 5503 0.76 0 
349 9734 4231 5503 0.76 0 
350 9733 4231 5502 0.76 0 
351 9734 4230 5504 0.76 0 
352 9734 4230 5504 0.76 0 
353 9735 4230 5504 0.76 0 
354 9732 4228 5503 0.76 0 
355 9731 4230 5501 0.76 0 
356 9734 4230 5504 0.76 0 
357 9736 4230 5505 0.76 0 
358 9735 4231 5504 0.76 0 
359 9734 4232 5502 0.76 0 
360 9734 4232 5502 0.76 0 
361 9736 4233 5502 0.76 0 
362 9735 4232 5503 0.76 0 
363 9736 4234 5501 0.76 0 
364 9735 4233 5502 0.76 0 
365 9735 4233 5501 0.76 0 
366 9737 4235 5502 0.76 0 
367 9736 4234 5501 0.76 0 
368 9735 4233 5501 0.76 0 
369 9732 4233 5498 0.76 0 
370 9734 4234 5500 0.76 0 
371 9733 4233 5499 0.76 0 
372 9733 4233 5499 0.76 0 
373 9735 4233 5501 0.76 0 
374 9733 4230 5502 0.76 0 
375 9735 4232 5502 0.76 0 
376 9732 4232 5500 0.76 0 
377 9733 4233 5499 0.76 0 
378 9733 4233 5499 0.76 0 
379 9731 4234 5496 0.77 0 
380 9730 4233 5497 0.77 0 
381 9732 4234 5498 0.77 0 
382 9734 4234 5499 0.76 0 
383 9733 4234 5499 0.76 0 
384 9734 4233 5500 0.76 0 
385 9733 4233 5499 0.76 0 
386 9732 4231 5500 0.76 0 
387 9733 4233 5500 0.76 0 
388 9732 4233 5499 0.76 0 
389 9733 4233 5500 0.76 0 
390 9732 4233 5498 0.76 0 
391 9732 4233 5498 0.76 0 
392 9732 4233 5499 0.76 0 
393 9734 4235 5499 0.77 0 
394 9734 4234 5500 0.76 0 
395 9734 4234 5500 0.76 0 
396 9733 4233 5500 0.76 0 
397 9734 4232 5502 0.76 0 
398 9735 4233 5501 0.76 0 
399 9736 4233 5502 0.76 0 
400 9736 4230 5505 0.76 0 
401 9735 4230 5504 0.76 0 
402 9732 4226 5505 0.76 0 
403 9731 4226 5505 0.76 0 
404 9732 4227 5505 0.76 0 
405 9734 4227 5506 0.76 0 
406 9733 4228 5505 0.76 0 
407 9735 4229 5505 0.76 0 
408 9735 4229 5505 0.76 0 
409 9736 4229 5507 0.76 0 
410 9736 4230 5506 0.76 0 
411 9735 4228 5507 0.76 0 
412 9735 4227 5507 0.76 0 
413 9733 4226 5506 0.76 0 
414 9733 4227 5505 0.76 0 
415 9734 4226 5508 0.76 0 
416 9734 4225 5508 0.76 0 
417 9733 4224 5508 0.76 0 
418 9732 4224 5508 0.76 0 
419 9734 4224 5509 0.76 0 
420 9734 4222 5512 0.76 0 
421 9735 4222 5512 0.76 0 
422 9734 4223 5511 0.76 0 
423 9734 4224 5510 0.76 0 
424 9734 4224 5510 0.76 0 
425 9732 4222 5510 0.76 0 
426 9731 4220 5511 0.76 0 
427 9731 4219 5511 0.76 0 
428 9732 4220 5511 0.76 0 
429 9732 4221 5511 0.76 0 
430 9735 4221 5513 0.76 0 
431 9732 4220 5512 0.76 0 
432 9733 4220 5512 0.76 0 
433 9735 4220 5514 0.76 0 
434 9733 4220 5512 0.76 0 
435 9732 4220 5511 0.76 0 
436 9730 4221 5509 0.76 0 
437 9732 4222 5509 0.76 0 
438 9731 4222 5509 0.76 0 
439 9729 4221 5508 0.76 0 
440 9733 4224 5509 0.76 0 
441 9732 4224 5508 0.76 0 
442 9732 4223 5508 0.76 0 
443 9732 4223 5509 0.76 0 
444 9732 4222 5509 0.76 0 
445 9733 4221 5511 0.76 0 
446 9736 4223 5513 0.76 0 
447 9736 4223 5512 0.76 0 
448 9737 4223 5514 0.76 0 
449 9737 4221 5516 0.76 0 
450 9735 4220 5515 0.76 0 
451 9734 4218 5516 0.76 0 
452 9734 4220 5513 0.76 0 
453 9733 4220 5513 0.76 0 
454 9735 4222 5512 0.76 0 
455 9735 4222 5512 0.76 0 
456 9737 4221 5515 0.76 0 
457 9735 4220 5514 0.76 0 
458 9734 4218 5516 0.76 0 
459 9734 4219 5514 0.76 0 
460 9736 4219 5516 0.76 0 
461 9735 4217 5518 0.76 0 
462 9736 4216 5520 0.76 0 
463 9736 4216 5520 0.76 0 
464 9734 4215 5519 0.76 0 
465 9733 4215 5518 0.76 0 
466 9731 4212 5519 0.76 0 
467 9733 4213 5519 0.76 0 
468 9734 4213 5520 0.76 0 
469 9733 4212 5521 0.76 0 
470 9733 4213 5520 0.76 0 
471 9734 4211 5523 0.76 0 
472 9735 4212 5523 0.76 0 
473 9732 4211 5520 0.76 0 
474 9732 4210 5522 0.76 0 
475 9731 4208 5523 0.76 0 
476 9731 4206 5524 0.76 0 
477 9731 4206 5524 0.76 0 
478 9733 4207 5525 0.76 0 
479 9734 4207 5527 0.76 0 
480 9736 4208 5527 0.76 0 
481 9734 4207 5527 0.76 0 
482 9734 4206 5527 0.76 0 
483 9733 4204 5528 0.76 0 
484 9731 4204 5527 0.76 0 
485 9733 4205 5527 0.76 0 
486 9732 4205 5527 0.76 0 
487 9732 4203 5528 0.76 0 
488 9731 4203 5528 0.76 0 
489 9732 4202 5529 0.75 0 
490 9732 4203 5529 0.76 0 
491 9733 4203 5530 0.76 0 
492 9733 4206 5527 0.76 0 
493 9734 4207 5527 0.76 0 
494 9735 4208 5526 0.76 0 
495 9732 4205 5527 0.76 0 
496 9733 4203 5529 0.76 0 
497 9732 4203 5529 0.76 0 
498 9732 4203 5528 0.76 0 
499 9734 4203 5530 0.76 0 
500 9734 4204 5530 0.76 0 
501 9732 4202 5529 0.75 0 
502 9733 4204 5529 0.76 0 
503 9731 4204 5527 0.76 0 
504 9733 4206 5527 0.76 0 
505 9732 4206 5526 0.76 0 
506 9732 4206 5526 0.76 0 
507 9732 4206 5526 0.76 0 
508 9731 4206 5525 0.76 0 
509 9731 4206 5525 0.76 0 
510 9732 4206 5526 0.76 0 
511 9734 4206 5527 0.76 0 
512 9733 4205 5527 0.76 0 
513 9732 4203 5528 0.76 0 
514 9732 4203 5528 0.76 0 
515 9732 4202 5530 0.75 0 
516 9731 4202 5529 0.75 0 
517 9732 4202 5529 0.75 0 
518 9732 4203 5528 0.76 0 
519 9732 4204 5527 0.76 0 
520 9733 4205 5528 0.76 0 
521 9735 4206 5529 0.76 0 
522 9735 4206 5529 0.76 0 
523 9731 4204 5527 0.76 0 
524 9730 4203 5527 0.76 0 
525 9730 4202 5527 0.76 0 
526 9730 4202 5527 0.76 0 
527 9732 4204 5527 0.76 0 
528 9732 4203 5528 0.76 0 
529 9729 4200 5529 0.75 0 
530 9731 4200 5531 0.75 0 
531 9731 4200 5531 0.75 0 
532 9731 4198 5532 0.75 0 
533 9730 4200 5530 0.75 0 
534 9734 4204 5530 0.76 0 
535 9732 4203 5529 0.76 0 
536 9729 4202 5527 0.76 0 
537 9729 4204 5525 0.76 0 
538 9730 4203 5526 0.76 0 
539 9732 4204 5527 0.76 0 
540 9733 4205 5528 0.76 0 
541 9734 4205 5529 0.76 0 
542 9734 4206 5528 0.76 0 
543 9732 4206 5526 0.76 0 
544 9733 4206 5526 0.76 0 
545 9733 4205 5527 0.76 0 
546 9733 4206 5526 0.76 0 
547 9732 4205 5527 0.76 0 
548 9733 4205 5527 0.76 0 
549 9732 4205 5526 0.76 0 
550 9730 4204 5526 0.76 0 
551 9730 4204 5526 0.76 0 
552 9731 4206 5525 0.76 0 
553 9730 4205 5525 0.76 0 
554 9731 4207 5524 0.76 0 
555 9731 4206 5524 0.76 0 
556 9731 4209 5521 0.76 0 
557 9732 4208 5523 0.76 0 
558 9733 4210 5523 0.76 0 
559 9733 4209 5523 0.76 0 
560 9733 4211 5521 0.76 0 
561 9733 4210 5522 0.76 0 
562 9733 4210 5522 0.76 0 
563 9733 4209 5524 0.76 0 
564 9734 4208 5526 0.76 0 
565 9734 4206 5527 0.76 0 
566 9734 4207 5527 0.76 0 
567 9733 4206 5527 0.76 0 
568 9731 4206 5525 0.76 0 
569 9732 4205 5526 0.76 0 
570 9734 4207 5527 0.76 0 
571 9732 4206 5526 0.76 0 
572 9733 4206 5526 0.76 0 
573 9732 4205 5526 0.76 0 
574 9731 4205 5526 0.76 0 
575 9732 4206 5526 0.76 0 
576 9732 4207 5525 0.76 0 
577 9734 4207 5527 0.76 0 
578 9733 4207 5525 0.76 0 
579 9734 4209 5525 0.76 0 
580 9730 4207 5523 0.76 0 
581 9732 4207 5524 0.76 0 
582 9731 4206 5525 0.76 0 
583 9731 4207 5523 0.76 0 
584 9731 4208 5523 0.76 0 
585 9732 4207 5524 0.76 0 
586 9733 4209 5523 0.76 0 
587 9734 4210 5523 0.76 0 
588 9731 4209 5521 0.76 0 
589 9734 4209 5524 0.76 0 
590 9734 4208 5525 0.76 0 
591 9734 4208 5525 0.76 0 
592 9732 4207 5525 0.76 0 
593 9732 4206 5525 0.76 0 
594 9735 4207 5527 0.76 0 
595 9730 4206 5524 0.76 0 
596 9732 4206 5525 0.76 0 
597 9733 4207 5525 0.76 0 
598 9731 4206 5524 0.76 0 
599 9730 4206 5524 0.76 0 
600 9730 4206 5523 0.76 0 
601 9730 4204 5525 0.76 0 
602 9730 4203 5526 0.76 0 
603 9734 4206 5527 0.76 0 
604 9731 4206 5525 0.76 0 
605 9731 4205 5526 0.76 0 
606 9731 4204 5527 0.76 0 
607 9733 4202 5531 0.75 0 
608 9734 4202 5531 0.75 0 
609 9734 4201 5532 0.75 0 
610 9733 4200 5532 0.75 0 
611 9733 4199 5533 0.75 0 
612 9732 4198 5533 0.75 0 
613 9732 4198 5534 0.75 0 
614 9731 4198 5532 0.75 0 
615 9732 4199 5533 0.75 0 
616 9733 4199 5533 0.75 0 
617 9733 4199 5534 0.75 0 
618 9732 4198 5534 0.75 0 
619 9731 4198 5532 0.75 0 
620 9731 4197 5534 0.75 0 
621 9732 4197 5535 0.75 0 
622 9732 4196 5535 0.75 0 
623 9733 4197 5536 0.75 0 
624 9734 4197 5537 0.75 0 
625 9734 4197 5537 0.75 0 
626 9735 4199 5535 0.75 0 
627 9732 4198 5534 0.75 0 
628 9733 4200 5533 0.75 0 
629 9734 4198 5536 0.75 0 
630 9734 4199 5535 0.75 0 
631 9731 4198 5532 0.75 0 
632 9731 4200 5531 0.75 0 
633 9734 4202 5532 0.75 0 
634 9734 4199 5535 0.75 0 
635 9733 4199 5534 0.75 0 
636 9732 4199 5533 0.75 0 
637 9731 4199 5531 0.75 0 
638 9732 4200 5531 0.75 0 
639 9732 4200 5531 0.75 0 
640 9732 4202 5529 0.75 0 
641 9731 4202 5528 0.76 0 
642 9732 4202 5529 0.75 0 
643 9735 4204 5531 0.76 0 
644 9734 4202 5531 0.75 0 
645 9733 4203 5530 0.76 0 
646 9734 4202 5532 0.75 0 
647 9733 4201 5531 0.75 0 
648 9732 4200 5531 0.75 0 
649 9731 4197 5533 0.75 0 
650 9731 4198 5533 0.75 0 
651 9730 4199 5531 0.75 0 
652 9729 4198 5531 0.75 0 
653 9730 4196 5533 0.75 0 
654 9730 4194 5535 0.75 0 
655 9729 4193 5535 0.75 0 
656 9728 4191 5536 0.75 0 
657 9733 4195 5537 0.75 0 
658 9731 4193 5537 0.75 0 
659 9731 4195 5536 0.75 0 
660 9734 4196 5538 0.75 0 
661 9734 4195 5538 0.75 0 
662 9731 4194 5537 0.75 0 
663 9732 4196 5535 0.75 0 
664 9730 4197 5533 0.75 0 
665 9729 4194 5535 0.75 0 
666 9730 4194 5536 0.75 0 
667 9730 4194 5536 0.75 0 
668 9731 4194 5537 0.75 0 
669 9733 4194 5538 0.75 0 
670 9733 4194 5539 0.75 0 
671 9732 4193 5538 0.75 0 
672 9734 4194 5539 0.75 0 
673 9734 4194 5540 0.75 0 
674 9733 4193 5540 0.75 0 
675 9732 4191 5540 0.75 0 
676 9730 4191 5538 0.75 0 
677 9731 4191 5540 0.75 0 
678 9732 4191 5540 0.75 0 
679 9731 4191 5539 0.75 0 
680 9732 4191 5540 0.75 0 
681 9731 4190 5541 0.75 0 
682 9732 4192 5539 0.75 0 
683 9731 4190 5541 0.75 0 
684 9731 4189 5542 0.75 0 
685 9733 4191 5542 0.75 0 
686 9733 4193 5540 0.75 0 
687 9733 4194 5539 0.75 0 
688 9733 4193 5539 0.75 0 
689 9732 4191 5541 0.75 0 
690 9732 4191 5541 0.75 0 
691 9732 4190 5542 0.75 0 
692 9732 4191 5540 0.75 0 
693 9731 4192 5539 0.75 0 
694 9728 4190 5537 0.75 0 
695 9727 4188 5539 0.75 0 
696 9730 4188 5541 0.75 0 
697 9728 4187 5540 0.75 0 
698 9729 4190 5539 0.75 0 
699 9729 4189 5540 0.75 0 
700 9728 4188 5539 0.75 0 
701 9730 4192 5537 0.75 0 
702 9732 4193 5538 0.75 0 
703 9731 4195 5536 0.75 0 
704 9731 4195 5535 0.75 0 
705 9732 4197 5535 0.75 0 
706 9733 4197 5535 0.75 0 
707 9732 4197 5535 0.75 0 
708 9733 4197 5535 0.75 0 
709 9734 4198 5536 0.75 0 
710 9734 4199 5535 0.75 0 
711 9734 4200 5533 0.75 0 
712 9733 4201 5531 0.75 0 
713 9732 4203 5529 0.76 0 
714 9731 4202 5528 0.76 0 
715 9732 4203 5528 0.76 0 
716 9734 4206 5527 0.76 0 
717 9732 4206 5526 0.76 0 
718 9733 4206 5526 0.76 0 
719 9731 4205 5525 0.76 0 
720 9731 4207 5524 0.76 0 
721 9730 4207 5523 0.76 0 
722 9732 4208 5524 0.76 0 
723 9732 4208 5524 0.76 0 
724 9732 4208 5523 0.76 0 
725 9732 4209 5522 0.76 0 
726 9732 4209 5522 0.76 0 
727 9732 4209 5522 0.76 0 
728 9731 4209 5521 0.76 0 
729 9733 4211 5521 0.76 0 
730 9732 4212 5519 0.76 0 
731 9733 4212 5520 0.76 0 
732 9733 4212 5520 0.76 0 
733 9733 4212 5521 0.76 0 
734 9734 4213 5521 0.76 0 
735 9732 4213 5519 0.76 0 
736 9733 4216 5517 0.76 0 
737 9731 4214 5517 0.76 0 
738 9731 4214 5516 0.76 0 
739 9733 4216 5517 0.76 0 
740 9732 4215 5516 0.76 0 
741 9731 4213 5517 0.76 0 
742 9730 4214 5516 0.76 0 
743 9734 4216 5518 0.76 0 
744 9735 4215 5519 0.76 0 
745 9735 4215 5519 0.76 0 
746 9734 4215 5519 0.76 0 
747 9734 4214 5519 0.76 0 
748 9732 4213 5519 0.76 0 
749 9733 4213 5519 0.76 0 
750 9734 4213 5520 0.76 0 
751 9732 4212 5519 0.76 0 
752 9732 4212 5520 0.76 0 
753 9732 4211 5521 0.76 0 
754 9733 4212 5520 0.76 0 
755 9733 4212 5521 0.76 0 
756 9734 4211 5522 0.76 0 
757 9733 4213 5519 0.76 0 
758 9732 4212 5520 0.76 0 
759 9734 4213 5521 0.76 0 
760 9733 4212 5521 0.76 0 
761 9732 4211 5520 0.76 0 
762 9731 4213 5518 0.76 0 
763 9734 4214 5519 0.76 0 
764 9736 4216 5519 0.76 0 
765 9734 4214 5519 0.76 0 
766 9735 4214 5521 0.76 0 
767 9736 4214 5522 0.76 0 
768 9737 4214 5523 0.76 0 
769 9736 4214 5522 0.76 0 
770 9734 4214 5520 0.76 0 
771 9735 4212 5522 0.76 0 
772 9736 4212 5523 0.76 0 
773 9735 4211 5523 0.76 0 
774 9735 4210 5524 0.76 0 
775 9733 4208 5525 0.76 0 
776 9731 4208 5522 0.76 0 
777 9730 4206 5524 0.76 0 
778 9730 4205 5525 0.76 0 
779 9731 4206 5525 0.76 0 
780 9731 4206 5525 0.76 0 
781 9733 4208 5524 0.76 0 
782 9732 4207 5525 0.76 0 
783 9731 4207 5524 0.76 0 
784 9732 4208 5524 0.76 0 
785 9731 4210 5521 0.76 0 
786 9733 4211 5522 0.76 0 
787 9733 4210 5522 0.76 0 
788 9735 4211 5523 0.76 0 
789 9736 4212 5524 0.76 0 
790 9735 4210 5524 0.76 0 
791 9735 4211 5524 0.76 0 
792 9734 4212 5522 0.76 0 
793 9734 4212 5522 0.76 0 
794 9734 4210 5524 0.76 0 
795 9734 4209 5524 0.76 0 
796 9733 4210 5523 0.76 0 
797 9732 4210 5521 0.76 0 
798 9730 4209 5521 0.76 0 
799 9731 4211 5519 0.76 0 
800 9732 4212 5519 0.76 0 
801 9733 4211 5521 0.76 0 
802 9735 4212 5523 0.76 0 
803 9733 4211 5522 0.76 0 
804 9734 4210 5524 0.76 0 
805 9734 4209 5525 0.76 0 
806 9737 4210 5527 0.76 0 
807 9736 4209 5526 0.76 0 
808 9735 4207 5527 0.76 0 
809 9734 4207 5526 0.76 0 
810 9735 4207 5527 0.76 0 
811 9732 4204 5528 0.76 0 
812 9730 4203 5526 0.76 0 
813 9731 4203 5528 0.76 0 
814 9731 4204 5527 0.76 0 
815 9732 4205 5527 0.76 0 
816 9733 4206 5527 0.76 0 
817 9732 4205 5526 0.76 0 
818 9733 4206 5527 0.76 0 
819 9734 4207 5527 0.76 0 
820 9735 4206 5529 0.76 0 
821 9733 4206 5527 0.76 0 
822 9736 4207 5528 0.76 0 
823 9735 4207 5527 0.76 0 
824 9735 4206 5528 0.76 0 
825 9734 4207 5526 0.76 0 
826 9732 4209 5523 0.76 0 
827 9733 4208 5524 0.76 0 
828 9734 4210 5523 0.76 0 
829 9734 4210 5523 0.76 0 
830 9733 4210 5522 0.76 0 
831 9733 4211 5522 0.76 0 
832 9733 4211 5522 0.76 0 
833 9732 4208 5523 0.76 0 
834 9732 4207 5524 0.76 0 
835 9734 4208 5525 0.76 0 
836 9733 4208 5524 0.76 0 
837 9733 4208 5524 0.76 0 
838 9732 4207 5524 0.76 0 
839 9732 4208 5524 0.76 0 
840 9733 4210 5523 0.76 0 
841 9732 4208 5523 0.76 0 
842 9731 4207 5523 0.76 0 
843 9732 4209 5523 0.76 0 
844 9732 4208 5524 0.76 0 
845 9735 4210 5524 0.76 0 
846 9734 4210 5523 0.76 0 
847 9732 4209 5522 0.76 0 
848 9732 4209 5522 0.76 0 
849 9731 4209 5522 0.76 0 
850 9733 4209 5524 0.76 0 
851 9733 4208 5525 0.76 0 
852 9733 4209 5524 0.76 0 
853 9734 4208 5525 0.76 0 
854 9732 4207 5524 0.76 0 
855 9731 4207 5524 0.76 0 
856 9732 4206 5525 0.76 0 
857 9731 4205 5525 0.76 0 
858 9733 4207 5525 0.76 0 
859 9732 4207 5524 0.76 0 
860 9732 4208 5524 0.76 0 
861 9732 4208 5524 0.76 0 
862 9732 4209 5522 0.76 0 
863 9733 4209 5523 0.76 0 
864 9734 4208 5525 0.76 0 
865 9733 4207 5525 0.76 0 
866 9734 4206 5527 0.76 0 
867 9732 4207 5524 0.76 0 
868 9732 4207 5525 0.76 0 
869 9732 4206 5525 0.76 0 
870 9733 4208 5524 0.76 0 
871 9733 4208 5525 0.76 0 
872 9733 4207 5526 0.76 0 
873 9734 4208 5526 0.76 0 
874 9735 4206 5528 0.76 0 
875 9736 4207 5528 0.76 0 
876 9735 4207 5528 0.76 0 
877 9732 4205 5527 0.76 0 
878 9732 4205 5527 0.76 0 
879 9731 4203 5527 0.76 0 
880 9731 4204 5527 0.76 0 
881 9732 4204 5528 0.76 0 
882 9734 4205 5529 0.76 0 
883 9734 4204 5529 0.76 0 
884 9734 4204 5530 0.76 0 
885 9734 4204 5529 0.76 0 
886 9734 4202 5532 0.75 0 
887 9733 4200 5532 0.75 0 
888 9732 4202 5530 0.75 0 
889 9732 4202 5529 0.75 0 
890 9731 4203 5528 0.76 0 
891 9728 4202 5526 0.76 0 
892 9731 4204 5526 0.76 0 
893 9731 4204 5527 0.76 0 
894 9733 4206 5527 0.76 0 
895 9733 4205 5528 0.76 0 
896 9733 4206 5527 0.76 0 
897 9734 4206 5527 0.76 0 
898 9733 4207 5525 0.76 0 
899 9733 4207 5525 0.76 0 
900 9730 4205 5525 0.76 0 
901 9730 4205 5524 0.76 0 
902 9732 4205 5526 0.76 0 
903 9730 4204 5525 0.76 0 
904 9731 4205 5526 0.76 0 
905 9731 4205 5525 0.76 0 
906 9730 4205 5524 0.76 0 
907 9731 4206 5525 0.76 0 
908 9733 4205 5527 0.76 0 
909 9730 4204 5526 0.76 0 
910 9730 4205 5525 0.76 0 
911 9730 4203 5527 0.76 0 
912 9731 4204 5526 0.76 0 
913 9731 4204 5526 0.76 0 
914 9732 4207 5525 0.76 0 
915 9733 4206 5526 0.76 0 
916 9733 4206 5527 0.76 0 
917 9734 4207 5526 0.76 0 
918 9733 4207 5526 0.76 0 
919 9732 4204 5528 0.76 0 
920 9732 4205 5527 0.76 0 
921 9733 4206 5527 0.76 0 
922 9733 4205 5527 0.76 0 
923 9732 4204 5528 0.76 0 
924 9734 4203 5531 0.75 0 
925 9734 4202 5531 0.75 0 
926 9734 4202 5532 0.75 0 
927 9734 4202 5532 0.75 0 
928 9733 4201 5531 0.75 0 
929 9733 4201 5531 0.75 0 
930 9731 4199 5531 0.75 0 
931 9731 4198 5532 0.75 0 
932 9731 4199 5531 0.75 0 
933 9732 4200 5531 0.75 0 
934 9730 4198 5531 0.75 0 
935 9732 4200 5531 0.75 0 
936 9735 4202 5533 0.75 0 
937 9735 4202 5533 0.75 0 
938 9734 4201 5532 0.75 0 
939 9735 4201 5533 0.75 0 
940 9734 4202 5531 0.75 0 
941 9735 4204 5530 0.76 0 
942 9735 4205 5529 0.76 0 
943 9733 4205 5527 0.76 0 
944 9733 4203 5529 0.76 0 
945 9733 4204 5529 0.76 0 
946 9732 4204 5528 0.76 0 
947 9734 4204 5529 0.76 0 
948 9735 4205 5530 0.76 0 
949 9734 4204 5529 0.76 0 
950 9733 4203 5529 0.76 0 
951 9734 4204 5529 0.76 0 
952 9734 4204 5530 0.76 0 
953 9734 4202 5532 0.75 0 
954 9732 4202 5530 0.75 0 
955 9733 4205 5528 0.76 0 
956 9732 4202 5529 0.75 0 
957 9732 4201 5530 0.75 0 
958 9732 4200 5531 0.75 0 
959 9732 4200 5531 0.75 0 
960 9732 4201 5531 0.75 0 
961 9737 4204 5532 0.75 0 
962 9737 4205 5531 0.76 0 
963 9735 4206 5529 0.76 0 
964 9735 4206 5529 0.76 0 
965 9735 4207 5527 0.76 0 
966 9734 4207 5527 0.76 0 
967 9735 4204 5530 0.76 0 
968 9735 4205 5530 0.76 0 
969 9735 4203 5531 0.75 0 
970 9733 4202 5530 0.75 0 
971 9733 4204 5529 0.76 0 
972 9735 4205 5530 0.76 0 
973 9735 4205 5529 0.76 0 
974 9733 4202 5531 0.75 0 
975 9733 4201 5531 0.75 0 
976 9734 4203 5531 0.75 0 
977 9732 4201 5530 0.75 0 
978 9732 4201 5531 0.75 0 
979 9731 4198 5532 0.75 0 
980 9731 4199 5532 0.75 0 
981 9729 4197 5531 0.75 0 
982 9731 4198 5532 0.75 0 
983 9731 4198 5533 0.75 0 
984 9733 4199 5534 0.75 0 
985 9733 4200 5532 0.75 0 
986 9731 4200 5530 0.75 0 
987 9731 4198 5532 0.75 0 
988 9732 4199 5533 0.75 0 
989 9729 4198 5531 0.75 0 
990 9730 4199 5531 0.75 0 
991 9732 4199 5533 0.75 0 
992 9733 4201 5532 0.75 0 
993 9733 4198 5535 0.75 0 
994 9728 4195 5532 0.75 0 
995 9729 4195 5533 0.75 0 
996 9731 4198 5533 0.75 0 
997 9733 4199 5534 0.75 0 
998 9732 4199 5533 0.75 0 
999 9733 4200 5532 0.75 0 
