#StageNum, TotalCellCount, StemCount, DiffCount, S/D Ratio, MutantCount
0 5 5 0 -1 0 
1 7 5 2 2.5 0 
2 10 6 4 1.5 0 
3 13 7 6 1.16 0 
4 16 8 8 1.0 0 
5 20 9 10 0.9 0 
6 23 10 13 0.76 0 
7 27 11 15 0.73 0 
8 31 13 17 0.76 0 
9 35 14 20 0.7 0 
10 38 15 23 0.65 0 
11 42 17 25 0.68 0 
12 47 19 27 0.7 0 
13 51 20 31 0.64 0 
14 55 22 33 0.66 0 
15 61 23 37 0.62 0 
16 66 25 40 0.62 0 
17 71 28 43 0.65 0 
18 77 31 46 0.67 0 
19 83 33 49 0.67 0 
20 89 35 54 0.64 0 
21 95 37 58 0.63 0 
22 102 39 63 0.61 0 
23 109 41 67 0.61 0 
24 116 44 71 0.61 0 
25 124 47 76 0.61 0 
26 132 50 81 0.61 0 
27 140 53 86 0.61 0 
28 148 56 92 0.6 0 
29 156 59 97 0.6 0 
30 165 62 103 0.6 0 
31 174 64 109 0.58 0 
32 182 69 113 0.61 0 
33 192 73 119 0.61 0 
34 202 76 125 0.6 0 
35 212 81 131 0.61 0 
36 224 85 139 0.61 0 
37 235 89 145 0.61 0 
38 247 94 152 0.61 0 
39 258 100 158 0.63 0 
40 271 106 164 0.64 0 
41 283 112 171 0.65 0 
42 297 118 178 0.66 0 
43 311 123 187 0.65 0 
44 325 129 195 0.66 0 
45 340 134 205 0.65 0 
46 354 139 215 0.64 0 
47 369 145 224 0.64 0 
48 384 149 234 0.63 0 
49 400 155 244 0.63 0 
50 417 164 253 0.64 0 
51 433 173 259 0.66 0 
52 450 179 270 0.66 0 
53 466 187 279 0.67 0 
54 484 194 290 0.66 0 
55 502 200 302 0.66 0 
56 521 208 312 0.66 0 
57 540 215 324 0.66 0 
58 558 223 335 0.66 0 
59 578 231 346 0.66 0 
60 598 241 356 0.67 0 
61 619 248 370 0.67 0 
62 638 254 383 0.66 0 
63 658 260 398 0.65 0 
64 679 270 409 0.66 0 
65 701 278 422 0.65 0 
66 722 286 436 0.65 0 
67 744 294 449 0.65 0 
68 766 302 463 0.65 0 
69 789 314 474 0.66 0 
70 812 325 487 0.66 0 
71 836 332 503 0.66 0 
72 860 342 517 0.66 0 
73 884 352 532 0.66 0 
74 910 365 545 0.66 0 
75 935 377 558 0.67 0 
76 962 388 573 0.67 0 
77 989 398 590 0.67 0 
78 1017 410 606 0.67 0 
79 1045 422 622 0.67 0 
80 1072 432 640 0.67 0 
81 1101 445 655 0.67 0 
82 1131 456 674 0.67 0 
83 1159 467 691 0.67 0 
84 1190 480 709 0.67 0 
85 1219 491 728 0.67 0 
86 1249 503 745 0.67 0 
87 1280 515 765 0.67 0 
88 1311 526 784 0.67 0 
89 1343 539 803 0.67 0 
90 1376 552 824 0.66 0 
91 1409 565 844 0.66 0 
92 1442 580 862 0.67 0 
93 1476 597 879 0.67 0 
94 1512 611 901 0.67 0 
95 1547 628 918 0.68 0 
96 1581 641 940 0.68 0 
97 1618 655 962 0.68 0 
98 1654 669 984 0.67 0 
99 1690 687 1003 0.68 0 
100 1727 700 1027 0.68 0 
101 1765 713 1051 0.67 0 
102 1803 725 1077 0.67 0 
103 1841 743 1098 0.67 0 
104 1877 756 1120 0.67 0 
105 1914 767 1146 0.66 0 
106 1952 782 1170 0.66 0 
107 1991 799 1192 0.67 0 
108 2030 816 1214 0.67 0 
109 2068 830 1238 0.67 0 
110 2107 851 1255 0.67 0 
111 2147 866 1281 0.67 0 
112 2188 884 1304 0.67 0 
113 2227 899 1328 0.67 0 
114 2269 915 1353 0.67 0 
115 2310 932 1378 0.67 0 
116 2353 948 1404 0.67 0 
117 2396 966 1429 0.67 0 
118 2439 983 1455 0.67 0 
119 2480 1000 1479 0.67 0 
120 2524 1021 1503 0.67 0 
121 2568 1034 1534 0.67 0 
122 2610 1051 1558 0.67 0 
123 2653 1067 1585 0.67 0 
124 2697 1091 1606 0.67 0 
125 2741 1109 1632 0.67 0 
126 2784 1128 1656 0.68 0 
127 2827 1142 1684 0.67 0 
128 2871 1161 1709 0.67 0 
129 2916 1179 1736 0.67 0 
130 2960 1200 1760 0.68 0 
131 3004 1222 1782 0.68 0 
132 3050 1236 1814 0.68 0 
133 3093 1253 1840 0.68 0 
134 3136 1272 1864 0.68 0 
135 3179 1288 1891 0.68 0 
136 3225 1313 1912 0.68 0 
137 3267 1327 1940 0.68 0 
138 3312 1348 1964 0.68 0 
139 3356 1361 1995 0.68 0 
140 3400 1381 2019 0.68 0 
141 3442 1395 2047 0.68 0 
142 3487 1412 2074 0.68 0 
143 3529 1433 2096 0.68 0 
144 3571 1448 2122 0.68 0 
145 3613 1466 2147 0.68 0 
146 3656 1482 2174 0.68 0 
147 3698 1497 2201 0.68 0 
148 3741 1509 2231 0.67 0 
149 3783 1526 2257 0.67 0 
150 3824 1545 2279 0.67 0 
151 3866 1562 2304 0.67 0 
152 3907 1577 2329 0.67 0 
153 3950 1595 2355 0.67 0 
154 3990 1612 2377 0.67 0 
155 4029 1630 2398 0.67 0 
156 4066 1647 2418 0.68 0 
157 4105 1657 2447 0.67 0 
158 4146 1671 2475 0.67 0 
159 4183 1687 2495 0.67 0 
160 4220 1704 2516 0.67 0 
161 4257 1720 2537 0.67 0 
162 4292 1737 2554 0.68 0 
163 4326 1748 2578 0.67 0 
164 4360 1761 2599 0.67 0 
165 4393 1774 2619 0.67 0 
166 4425 1783 2642 0.67 0 
167 4456 1792 2663 0.67 0 
168 4489 1806 2683 0.67 0 
169 4520 1818 2701 0.67 0 
170 4552 1832 2719 0.67 0 
171 4581 1854 2727 0.67 0 
172 4612 1869 2743 0.68 0 
173 4643 1882 2761 0.68 0 
174 4675 1894 2780 0.68 0 
175 4704 1910 2794 0.68 0 
176 4733 1923 2810 0.68 0 
177 4761 1937 2823 0.68 0 
178 4792 1947 2845 0.68 0 
179 4821 1958 2862 0.68 0 
180 4847 1962 2884 0.68 0 
181 4877 1979 2898 0.68 0 
182 4902 1989 2912 0.68 0 
183 4929 2002 2926 0.68 0 
184 4957 2016 2941 0.68 0 
185 4984 2030 2953 0.68 0 
186 5008 2037 2971 0.68 0 
187 5036 2049 2986 0.68 0 
188 5061 2065 2995 0.68 0 
189 5085 2068 3017 0.68 0 
190 5109 2075 3034 0.68 0 
191 5133 2084 3049 0.68 0 
192 5157 2097 3059 0.68 0 
193 5184 2109 3074 0.68 0 
194 5206 2113 3092 0.68 0 
195 5229 2123 3105 0.68 0 
196 5251 2132 3119 0.68 0 
197 5276 2140 3135 0.68 0 
198 5299 2151 3147 0.68 0 
199 5319 2157 3161 0.68 0 
200 5342 2168 3173 0.68 0 
201 5365 2180 3184 0.68 0 
202 5387 2180 3207 0.67 0 
203 5409 2187 3222 0.67 0 
204 5431 2199 3231 0.68 0 
205 5454 2211 3243 0.68 0 
206 5479 2227 3252 0.68 0 
207 5499 2238 3261 0.68 0 
208 5524 2250 3273 0.68 0 
209 5546 2250 3295 0.68 0 
210 5568 2262 3305 0.68 0 
211 5591 2266 3325 0.68 0 
212 5613 2272 3341 0.68 0 
213 5634 2278 3356 0.67 0 
214 5656 2286 3369 0.67 0 
215 5676 2295 3381 0.67 0 
216 5697 2308 3388 0.68 0 
217 5718 2319 3398 0.68 0 
218 5740 2329 3411 0.68 0 
219 5761 2328 3432 0.67 0 
220 5780 2329 3451 0.67 0 
221 5800 2340 3460 0.67 0 
222 5821 2344 3476 0.67 0 
223 5843 2360 3482 0.67 0 
224 5861 2370 3491 0.67 0 
225 5882 2379 3502 0.67 0 
226 5903 2396 3506 0.68 0 
227 5923 2399 3524 0.68 0 
228 5943 2406 3537 0.68 0 
229 5962 2408 3553 0.67 0 
230 5982 2423 3558 0.68 0 
231 6000 2437 3563 0.68 0 
232 6019 2443 3576 0.68 0 
233 6041 2452 3589 0.68 0 
234 6060 2458 3602 0.68 0 
235 6081 2469 3611 0.68 0 
236 6102 2480 3622 0.68 0 
237 6124 2484 3639 0.68 0 
238 6141 2493 3648 0.68 0 
239 6161 2499 3662 0.68 0 
240 6180 2511 3669 0.68 0 
241 6200 2518 3681 0.68 0 
242 6220 2522 3698 0.68 0 
243 6239 2535 3703 0.68 0 
244 6260 2547 3712 0.68 0 
245 6276 2555 3721 0.68 0 
246 6293 2552 3741 0.68 0 
247 6314 2564 3749 0.68 0 
248 6331 2571 3760 0.68 0 
249 6351 2578 3772 0.68 0 
250 6367 2583 3784 0.68 0 
251 6385 2583 3802 0.67 0 
252 6403 2583 3820 0.67 0 
253 6420 2593 3826 0.67 0 
254 6436 2609 3826 0.68 0 
255 6453 2622 3831 0.68 0 
256 6470 2635 3835 0.68 0 
257 6488 2638 3850 0.68 0 
258 6505 2651 3854 0.68 0 
259 6521 2661 3860 0.68 0 
260 6542 2661 3881 0.68 0 
261 6558 2667 3890 0.68 0 
262 6573 2668 3904 0.68 0 
263 6592 2677 3914 0.68 0 
264 6608 2678 3930 0.68 0 
265 6625 2682 3942 0.68 0 
266 6640 2693 3947 0.68 0 
267 6655 2702 3953 0.68 0 
268 6672 2712 3959 0.68 0 
269 6689 2717 3972 0.68 0 
270 6707 2727 3980 0.68 0 
271 6721 2735 3985 0.68 0 
272 6738 2741 3997 0.68 0 
273 6753 2741 4012 0.68 0 
274 6768 2744 4023 0.68 0 
275 6783 2745 4038 0.67 0 
276 6797 2755 4042 0.68 0 
277 6811 2745 4065 0.67 0 
278 6827 2753 4073 0.67 0 
279 6840 2758 4081 0.67 0 
280 6856 2767 4089 0.67 0 
281 6873 2780 4093 0.67 0 
282 6887 2783 4104 0.67 0 
283 6901 2797 4103 0.68 0 
284 6914 2809 4105 0.68 0 
285 6926 2813 4112 0.68 0 
286 6940 2820 4119 0.68 0 
287 6953 2823 4130 0.68 0 
288 6968 2830 4138 0.68 0 
289 6982 2840 4141 0.68 0 
290 6998 2848 4150 0.68 0 
291 7013 2855 4157 0.68 0 
292 7027 2858 4169 0.68 0 
293 7041 2867 4174 0.68 0 
294 7056 2862 4194 0.68 0 
295 7071 2869 4201 0.68 0 
296 7085 2872 4212 0.68 0 
297 7095 2880 4214 0.68 0 
298 7110 2883 4226 0.68 0 
299 7122 2883 4239 0.68 0 
300 7136 2893 4242 0.68 0 
301 7146 2895 4251 0.68 0 
302 7157 2898 4258 0.68 0 
303 7172 2904 4268 0.68 0 
304 7187 2910 4277 0.68 0 
305 7200 2921 4279 0.68 0 
306 7214 2926 4288 0.68 0 
307 7223 2936 4287 0.68 0 
308 7235 2941 4294 0.68 0 
309 7248 2946 4302 0.68 0 
310 7261 2945 4316 0.68 0 
311 7270 2951 4319 0.68 0 
312 7282 2951 4330 0.68 0 
313 7295 2960 4335 0.68 0 
314 7306 2971 4334 0.68 0 
315 7318 2969 4349 0.68 0 
316 7328 2973 4355 0.68 0 
317 7340 2979 4360 0.68 0 
318 7349 2987 4362 0.68 0 
319 7359 2986 4373 0.68 0 
320 7370 2981 4388 0.67 0 
321 7382 2989 4393 0.68 0 
322 7393 2989 4403 0.67 0 
323 7402 2995 4407 0.67 0 
324 7415 2995 4419 0.67 0 
325 7426 2995 4430 0.67 0 
326 7435 2996 4439 0.67 0 
327 7445 2997 4447 0.67 0 
328 7457 3003 4454 0.67 0 
329 7466 3005 4461 0.67 0 
330 7477 3022 4455 0.67 0 
331 7489 3020 4469 0.67 0 
332 7500 3030 4470 0.67 0 
333 7509 3036 4473 0.67 0 
334 7517 3035 4482 0.67 0 
335 7528 3044 4484 0.67 0 
336 7540 3045 4495 0.67 0 
337 7550 3051 4499 0.67 0 
338 7558 3057 4500 0.67 0 
339 7566 3059 4506 0.67 0 
340 7576 3063 4512 0.67 0 
341 7585 3063 4522 0.67 0 
342 7594 3069 4525 0.67 0 
343 7604 3072 4531 0.67 0 
344 7614 3083 4531 0.68 0 
345 7621 3089 4532 0.68 0 
346 7630 3085 4544 0.67 0 
347 7640 3094 4546 0.68 0 
348 7652 3096 4555 0.67 0 
349 7664 3104 4559 0.68 0 
350 7672 3113 4559 0.68 0 
351 7680 3119 4561 0.68 0 
352 7689 3123 4566 0.68 0 
353 7699 3124 4575 0.68 0 
354 7705 3128 4577 0.68 0 
355 7714 3127 4587 0.68 0 
356 7723 3137 4586 0.68 0 
357 7731 3136 4594 0.68 0 
358 7738 3140 4598 0.68 0 
359 7746 3145 4601 0.68 0 
360 7757 3140 4616 0.68 0 
361 7764 3146 4618 0.68 0 
362 7773 3153 4619 0.68 0 
363 7781 3161 4619 0.68 0 
364 7790 3165 4624 0.68 0 
365 7799 3173 4626 0.68 0 
366 7808 3173 4634 0.68 0 
367 7815 3174 4641 0.68 0 
368 7822 3176 4646 0.68 0 
369 7830 3179 4650 0.68 0 
370 7836 3177 4658 0.68 0 
371 7843 3176 4667 0.68 0 
372 7853 3183 4670 0.68 0 
373 7859 3185 4674 0.68 0 
374 7868 3187 4680 0.68 0 
375 7876 3197 4679 0.68 0 
376 7884 3200 4683 0.68 0 
377 7892 3206 4686 0.68 0 
378 7901 3212 4688 0.68 0 
379 7908 3211 4697 0.68 0 
380 7917 3214 4703 0.68 0 
381 7923 3227 4696 0.68 0 
382 7929 3233 4696 0.68 0 
383 7940 3230 4709 0.68 0 
384 7947 3233 4714 0.68 0 
385 7957 3245 4711 0.68 0 
386 7965 3236 4729 0.68 0 
387 7971 3234 4736 0.68 0 
388 7978 3228 4749 0.67 0 
389 7984 3234 4749 0.68 0 
390 7992 3239 4752 0.68 0 
391 8000 3241 4759 0.68 0 
392 8006 3252 4753 0.68 0 
393 8014 3255 4759 0.68 0 
394 8020 3250 4770 0.68 0 
395 8025 3248 4776 0.68 0 
396 8032 3254 4777 0.68 0 
397 8037 3255 4782 0.68 0 
398 8044 3257 4787 0.68 0 
399 8052 3256 4796 0.67 0 
400 8059 3256 4802 0.67 0 
401 8065 3259 4806 0.67 0 
402 8072 3266 4805 0.67 0 
403 8078 3267 4811 0.67 0 
404 8083 3280 4802 0.68 0 
405 8090 3276 4814 0.68 0 
406 8094 3281 4813 0.68 0 
407 8100 3277 4823 0.67 0 
408 8107 3282 4825 0.68 0 
409 8112 3284 4827 0.68 0 
410 8120 3284 4836 0.67 0 
411 8126 3286 4840 0.67 0 
412 8134 3292 4841 0.68 0 
413 8139 3293 4846 0.67 0 
414 8146 3296 4849 0.67 0 
415 8152 3308 4844 0.68 0 
416 8160 3313 4847 0.68 0 
417 8165 3305 4859 0.68 0 
418 8168 3311 4857 0.68 0 
419 8173 3319 4854 0.68 0 
420 8179 3313 4866 0.68 0 
421 8185 3317 4868 0.68 0 
422 8191 3325 4865 0.68 0 
423 8198 3329 4868 0.68 0 
424 8202 3323 4878 0.68 0 
425 8208 3339 4868 0.68 0 
426 8214 3336 4877 0.68 0 
427 8216 3345 4870 0.68 0 
428 8223 3349 4874 0.68 0 
429 8227 3346 4881 0.68 0 
430 8234 3337 4896 0.68 0 
431 8238 3343 4894 0.68 0 
432 8243 3351 4891 0.68 0 
433 8248 3349 4899 0.68 0 
434 8253 3351 4901 0.68 0 
435 8259 3347 4911 0.68 0 
436 8264 3356 4908 0.68 0 
437 8271 3362 4909 0.68 0 
438 8275 3367 4907 0.68 0 
439 8282 3369 4912 0.68 0 
440 8288 3365 4923 0.68 0 
441 8292 3372 4919 0.68 0 
442 8296 3373 4923 0.68 0 
443 8300 3370 4930 0.68 0 
444 8306 3374 4932 0.68 0 
445 8310 3378 4931 0.68 0 
446 8316 3390 4925 0.68 0 
447 8323 3389 4934 0.68 0 
448 8327 3387 4940 0.68 0 
449 8333 3383 4949 0.68 0 
450 8337 3388 4949 0.68 0 
451 8340 3389 4950 0.68 0 
452 8346 3389 4956 0.68 0 
453 8348 3400 4947 0.68 0 
454 8352 3397 4955 0.68 0 
455 8357 3391 4966 0.68 0 
456 8363 3408 4955 0.68 0 
457 8365 3407 4958 0.68 0 
458 8370 3409 4960 0.68 0 
459 8375 3409 4965 0.68 0 
460 8378 3412 4966 0.68 0 
461 8382 3412 4970 0.68 0 
462 8387 3413 4973 0.68 0 
463 8391 3416 4975 0.68 0 
464 8396 3417 4978 0.68 0 
465 8401 3416 4985 0.68 0 
466 8403 3417 4986 0.68 0 
467 8407 3416 4990 0.68 0 
468 8411 3424 4987 0.68 0 
469 8415 3423 4991 0.68 0 
470 8418 3418 4999 0.68 0 
471 8422 3414 5007 0.68 0 
472 8426 3416 5010 0.68 0 
473 8432 3422 5009 0.68 0 
474 8436 3432 5004 0.68 0 
475 8441 3431 5009 0.68 0 
476 8444 3435 5008 0.68 0 
477 8449 3432 5016 0.68 0 
478 8450 3422 5028 0.68 0 
479 8454 3431 5022 0.68 0 
480 8457 3435 5021 0.68 0 
481 8459 3431 5028 0.68 0 
482 8462 3431 5031 0.68 0 
483 8466 3425 5041 0.67 0 
484 8466 3421 5045 0.67 0 
485 8470 3418 5051 0.67 0 
486 8471 3429 5041 0.68 0 
487 8476 3442 5034 0.68 0 
488 8481 3442 5038 0.68 0 
489 8484 3446 5038 0.68 0 
490 8488 3448 5039 0.68 0 
491 8495 3450 5044 0.68 0 
492 8499 3452 5047 0.68 0 
493 8502 3444 5058 0.68 0 
494 8507 3446 5061 0.68 0 
495 8508 3445 5062 0.68 0 
496 8510 3448 5062 0.68 0 
497 8513 3447 5065 0.68 0 
498 8517 3452 5064 0.68 0 
499 8518 3454 5063 0.68 0 
500 8521 3454 5066 0.68 0 
501 8523 3458 5065 0.68 0 
502 8528 3456 5071 0.68 0 
503 8530 3455 5075 0.68 0 
504 8534 3459 5075 0.68 0 
505 8535 3460 5074 0.68 0 
506 8538 3460 5077 0.68 0 
507 8544 3470 5074 0.68 0 
508 8547 3467 5080 0.68 0 
509 8550 3468 5082 0.68 0 
510 8551 3462 5088 0.68 0 
511 8553 3459 5094 0.67 0 
512 8557 3467 5089 0.68 0 
513 8562 3474 5087 0.68 0 
514 8562 3471 5090 0.68 0 
515 8566 3485 5081 0.68 0 
516 8570 3487 5083 0.68 0 
517 8572 3484 5087 0.68 0 
518 8573 3485 5087 0.68 0 
519 8575 3481 5093 0.68 0 
520 8578 3481 5096 0.68 0 
521 8580 3497 5083 0.68 0 
522 8584 3493 5090 0.68 0 
523 8587 3489 5098 0.68 0 
524 8589 3489 5100 0.68 0 
525 8592 3488 5104 0.68 0 
526 8599 3494 5104 0.68 0 
527 8601 3504 5097 0.68 0 
528 8602 3502 5100 0.68 0 
529 8606 3503 5103 0.68 0 
530 8607 3499 5108 0.68 0 
531 8610 3508 5102 0.68 0 
532 8611 3515 5096 0.68 0 
533 8615 3512 5102 0.68 0 
534 8617 3505 5112 0.68 0 
535 8620 3507 5112 0.68 0 
536 8621 3513 5107 0.68 0 
537 8624 3514 5110 0.68 0 
538 8629 3511 5118 0.68 0 
539 8631 3502 5129 0.68 0 
540 8632 3504 5128 0.68 0 
541 8633 3507 5126 0.68 0 
542 8635 3499 5136 0.68 0 
543 8638 3505 5133 0.68 0 
544 8640 3500 5140 0.68 0 
545 8639 3502 5136 0.68 0 
546 8642 3509 5132 0.68 0 
547 8644 3512 5132 0.68 0 
548 8645 3514 5130 0.68 0 
549 8645 3515 5129 0.68 0 
550 8647 3512 5134 0.68 0 
551 8650 3521 5128 0.68 0 
552 8651 3524 5127 0.68 0 
553 8654 3518 5136 0.68 0 
554 8658 3522 5135 0.68 0 
555 8658 3523 5134 0.68 0 
556 8660 3525 5135 0.68 0 
557 8662 3520 5141 0.68 0 
558 8664 3521 5143 0.68 0 
559 8663 3531 5132 0.68 0 
560 8665 3529 5136 0.68 0 
561 8667 3528 5139 0.68 0 
562 8671 3537 5134 0.68 0 
563 8670 3537 5132 0.68 0 
564 8672 3540 5131 0.68 0 
565 8674 3535 5138 0.68 0 
566 8676 3534 5141 0.68 0 
567 8678 3537 5140 0.68 0 
568 8679 3530 5148 0.68 0 
569 8679 3533 5146 0.68 0 
570 8681 3529 5152 0.68 0 
571 8683 3528 5155 0.68 0 
572 8685 3538 5147 0.68 0 
573 8687 3543 5143 0.68 0 
574 8687 3546 5141 0.68 0 
575 8689 3552 5136 0.69 0 
576 8688 3551 5137 0.69 0 
577 8691 3556 5135 0.69 0 
578 8694 3553 5140 0.69 0 
579 8694 3540 5153 0.68 0 
580 8696 3545 5150 0.68 0 
581 8697 3543 5153 0.68 0 
582 8699 3543 5155 0.68 0 
583 8698 3539 5158 0.68 0 
584 8697 3542 5154 0.68 0 
585 8701 3545 5156 0.68 0 
586 8703 3540 5162 0.68 0 
587 8702 3538 5163 0.68 0 
588 8704 3533 5171 0.68 0 
589 8706 3536 5170 0.68 0 
590 8707 3533 5173 0.68 0 
591 8707 3535 5171 0.68 0 
592 8708 3539 5169 0.68 0 
593 8710 3532 5177 0.68 0 
594 8712 3531 5180 0.68 0 
595 8714 3537 5176 0.68 0 
596 8713 3536 5176 0.68 0 
597 8714 3537 5176 0.68 0 
598 8715 3529 5186 0.68 0 
599 8716 3537 5178 0.68 0 
600 8716 3538 5178 0.68 0 
601 8718 3538 5180 0.68 0 
602 8718 3540 5178 0.68 0 
603 8719 3532 5186 0.68 0 
604 8718 3540 5178 0.68 0 
605 8723 3536 5186 0.68 0 
606 8724 3536 5187 0.68 0 
607 8723 3535 5187 0.68 0 
608 8723 3540 5182 0.68 0 
609 8724 3547 5176 0.68 0 
610 8723 3546 5177 0.68 0 
611 8724 3540 5184 0.68 0 
612 8725 3546 5179 0.68 0 
613 8724 3548 5176 0.68 0 
614 8728 3547 5180 0.68 0 
615 8731 3535 5195 0.68 0 
616 8733 3540 5192 0.68 0 
617 8734 3545 5188 0.68 0 
618 8734 3544 5189 0.68 0 
619 8731 3539 5192 0.68 0 
620 8732 3545 5187 0.68 0 
621 8732 3545 5186 0.68 0 
622 8732 3540 5191 0.68 0 
623 8732 3547 5184 0.68 0 
624 8732 3545 5187 0.68 0 
625 8732 3542 5190 0.68 0 
626 8734 3540 5193 0.68 0 
627 8736 3552 5183 0.68 0 
628 8737 3555 5182 0.68 0 
629 8737 3559 5178 0.68 0 
630 8738 3558 5179 0.68 0 
631 8737 3556 5181 0.68 0 
632 8740 3563 5176 0.68 0 
633 8740 3561 5178 0.68 0 
634 8740 3558 5181 0.68 0 
635 8740 3563 5176 0.68 0 
636 8743 3564 5178 0.68 0 
637 8744 3554 5189 0.68 0 
638 8745 3559 5185 0.68 0 
639 8745 3557 5188 0.68 0 
640 8747 3567 5179 0.68 0 
641 8749 3560 5188 0.68 0 
642 8749 3551 5197 0.68 0 
643 8747 3547 5200 0.68 0 
644 8748 3553 5194 0.68 0 
645 8748 3562 5186 0.68 0 
646 8749 3563 5185 0.68 0 
647 8748 3562 5186 0.68 0 
648 8748 3554 5194 0.68 0 
649 8748 3559 5188 0.68 0 
650 8747 3557 5189 0.68 0 
651 8748 3554 5194 0.68 0 
652 8749 3551 5197 0.68 0 
653 8747 3547 5199 0.68 0 
654 8749 3549 5199 0.68 0 
655 8750 3562 5188 0.68 0 
656 8753 3560 5193 0.68 0 
657 8754 3564 5189 0.68 0 
658 8753 3567 5186 0.68 0 
659 8753 3560 5192 0.68 0 
660 8751 3551 5199 0.68 0 
661 8752 3549 5203 0.68 0 
662 8752 3554 5198 0.68 0 
663 8753 3553 5199 0.68 0 
664 8754 3547 5206 0.68 0 
665 8753 3550 5203 0.68 0 
666 8754 3549 5205 0.68 0 
667 8753 3553 5200 0.68 0 
668 8757 3562 5194 0.68 0 
669 8757 3561 5196 0.68 0 
670 8757 3557 5200 0.68 0 
671 8755 3556 5199 0.68 0 
672 8755 3553 5201 0.68 0 
673 8756 3562 5194 0.68 0 
674 8757 3563 5194 0.68 0 
675 8758 3557 5201 0.68 0 
676 8757 3555 5201 0.68 0 
677 8757 3559 5198 0.68 0 
678 8759 3560 5198 0.68 0 
679 8759 3558 5200 0.68 0 
680 8759 3555 5203 0.68 0 
681 8759 3551 5207 0.68 0 
682 8761 3554 5207 0.68 0 
683 8759 3558 5201 0.68 0 
684 8758 3551 5207 0.68 0 
685 8757 3549 5208 0.68 0 
686 8757 3549 5207 0.68 0 
687 8756 3551 5205 0.68 0 
688 8757 3559 5197 0.68 0 
689 8758 3560 5197 0.68 0 
690 8757 3559 5197 0.68 0 
691 8756 3554 5201 0.68 0 
692 8758 3561 5196 0.68 0 
693 8756 3560 5196 0.68 0 
694 8756 3561 5194 0.68 0 
695 8760 3564 5195 0.68 0 
696 8758 3560 5197 0.68 0 
697 8760 3559 5200 0.68 0 
698 8758 3556 5201 0.68 0 
699 8759 3558 5201 0.68 0 
700 8760 3550 5210 0.68 0 
701 8760 3553 5207 0.68 0 
702 8759 3558 5200 0.68 0 
703 8760 3568 5191 0.68 0 
704 8760 3571 5189 0.68 0 
705 8760 3565 5195 0.68 0 
706 8760 3569 5190 0.68 0 
707 8758 3560 5197 0.68 0 
708 8760 3555 5204 0.68 0 
709 8762 3553 5208 0.68 0 
710 8762 3553 5209 0.68 0 
711 8762 3558 5203 0.68 0 
712 8763 3560 5203 0.68 0 
713 8765 3567 5197 0.68 0 
714 8765 3566 5198 0.68 0 
715 8764 3561 5202 0.68 0 
716 8764 3561 5203 0.68 0 
717 8764 3558 5205 0.68 0 
718 8763 3556 5207 0.68 0 
719 8764 3547 5217 0.67 0 
720 8764 3549 5215 0.68 0 
721 8764 3545 5219 0.67 0 
722 8765 3549 5216 0.68 0 
723 8764 3551 5213 0.68 0 
724 8765 3550 5215 0.68 0 
725 8765 3550 5214 0.68 0 
726 8765 3554 5211 0.68 0 
727 8766 3561 5204 0.68 0 
728 8767 3557 5210 0.68 0 
729 8765 3561 5203 0.68 0 
730 8767 3560 5207 0.68 0 
731 8767 3563 5203 0.68 0 
732 8766 3568 5198 0.68 0 
733 8766 3560 5206 0.68 0 
734 8767 3573 5194 0.68 0 
735 8766 3558 5207 0.68 0 
736 8765 3562 5202 0.68 0 
737 8765 3563 5201 0.68 0 
738 8764 3571 5192 0.68 0 
739 8764 3573 5191 0.68 0 
740 8763 3574 5189 0.68 0 
741 8764 3573 5190 0.68 0 
742 8765 3580 5185 0.69 0 
743 8765 3569 5195 0.68 0 
744 8764 3572 5191 0.68 0 
745 8765 3567 5198 0.68 0 
746 8766 3573 5193 0.68 0 
747 8768 3579 5188 0.68 0 
748 8767 3578 5189 0.68 0 
749 8766 3578 5188 0.68 0 
750 8765 3571 5194 0.68 0 
751 8767 3574 5192 0.68 0 
752 8769 3578 5190 0.68 0 
753 8769 3571 5198 0.68 0 
754 8766 3575 5190 0.68 0 
755 8767 3575 5191 0.68 0 
756 8767 3569 5197 0.68 0 
757 8769 3556 5212 0.68 0 
758 8769 3563 5205 0.68 0 
759 8768 3566 5201 0.68 0 
760 8769 3556 5213 0.68 0 
761 8769 3560 5209 0.68 0 
762 8769 3565 5204 0.68 0 
763 8769 3568 5201 0.68 0 
764 8771 3572 5199 0.68 0 
765 8772 3565 5207 0.68 0 
766 8772 3561 5211 0.68 0 
767 8773 3559 5214 0.68 0 
768 8773 3567 5205 0.68 0 
769 8773 3566 5207 0.68 0 
770 8773 3560 5213 0.68 0 
771 8773 3565 5207 0.68 0 
772 8774 3565 5209 0.68 0 
773 8775 3567 5208 0.68 0 
774 8774 3565 5208 0.68 0 
775 8774 3571 5202 0.68 0 
776 8774 3577 5197 0.68 0 
777 8773 3572 5201 0.68 0 
778 8776 3570 5205 0.68 0 
779 8776 3559 5216 0.68 0 
780 8774 3556 5218 0.68 0 
781 8773 3561 5212 0.68 0 
782 8774 3562 5211 0.68 0 
783 8772 3555 5216 0.68 0 
784 8773 3553 5220 0.68 0 
785 8769 3557 5212 0.68 0 
786 8769 3567 5202 0.68 0 
787 8769 3557 5211 0.68 0 
788 8769 3564 5204 0.68 0 
789 8766 3557 5208 0.68 0 
790 8765 3558 5206 0.68 0 
791 8767 3565 5201 0.68 0 
792 8768 3560 5208 0.68 0 
793 8768 3552 5215 0.68 0 
794 8767 3557 5209 0.68 0 
795 8769 3555 5214 0.68 0 
796 8768 3559 5209 0.68 0 
797 8768 3560 5208 0.68 0 
798 8769 3562 5206 0.68 0 
799 8768 3564 5204 0.68 0 
800 8769 3568 5201 0.68 0 
801 8769 3574 5195 0.68 0 
802 8769 3584 5184 0.69 0 
803 8768 3579 5189 0.68 0 
804 8769 3568 5201 0.68 0 
805 8771 3567 5204 0.68 0 
806 8772 3565 5206 0.68 0 
807 8773 3564 5208 0.68 0 
808 8772 3556 5216 0.68 0 
809 8771 3560 5210 0.68 0 
810 8773 3566 5206 0.68 0 
811 8772 3566 5205 0.68 0 
812 8773 3567 5205 0.68 0 
813 8772 3568 5204 0.68 0 
814 8771 3570 5201 0.68 0 
815 8770 3568 5201 0.68 0 
816 8769 3571 5197 0.68 0 
817 8770 3563 5206 0.68 0 
818 8771 3565 5205 0.68 0 
819 8772 3563 5208 0.68 0 
820 8773 3564 5209 0.68 0 
821 8773 3561 5212 0.68 0 
822 8772 3558 5214 0.68 0 
823 8771 3566 5205 0.68 0 
824 8771 3574 5196 0.68 0 
825 8773 3572 5201 0.68 0 
826 8773 3560 5212 0.68 0 
827 8773 3569 5203 0.68 0 
828 8772 3575 5197 0.68 0 
829 8772 3562 5209 0.68 0 
830 8773 3564 5208 0.68 0 
831 8774 3568 5205 0.68 0 
832 8771 3563 5207 0.68 0 
833 8773 3568 5205 0.68 0 
834 8773 3569 5203 0.68 0 
835 8774 3569 5204 0.68 0 
836 8773 3573 5199 0.68 0 
837 8770 3571 5198 0.68 0 
838 8770 3566 5203 0.68 0 
839 8771 3563 5208 0.68 0 
840 8769 3562 5207 0.68 0 
841 8772 3564 5208 0.68 0 
842 8772 3560 5211 0.68 0 
843 8773 3560 5213 0.68 0 
844 8772 3556 5216 0.68 0 
845 8772 3556 5215 0.68 0 
846 8771 3557 5214 0.68 0 
847 8773 3561 5211 0.68 0 
848 8771 3557 5213 0.68 0 
849 8772 3559 5213 0.68 0 
850 8773 3565 5207 0.68 0 
851 8772 3572 5199 0.68 0 
852 8771 3566 5205 0.68 0 
853 8772 3565 5206 0.68 0 
854 8772 3567 5205 0.68 0 
855 8772 3566 5205 0.68 0 
856 8773 3570 5202 0.68 0 
857 8771 3567 5204 0.68 0 
858 8770 3568 5202 0.68 0 
859 8771 3562 5209 0.68 0 
860 8771 3568 5203 0.68 0 
861 8771 3574 5197 0.68 0 
862 8771 3567 5203 0.68 0 
863 8770 3561 5208 0.68 0 
864 8771 3553 5218 0.68 0 
865 8772 3552 5220 0.68 0 
866 8773 3561 5211 0.68 0 
867 8772 3559 5212 0.68 0 
868 8771 3560 5211 0.68 0 
869 8772 3569 5203 0.68 0 
870 8772 3567 5204 0.68 0 
871 8772 3566 5205 0.68 0 
872 8771 3562 5209 0.68 0 
873 8772 3565 5207 0.68 0 
874 8774 3560 5214 0.68 0 
875 8774 3565 5208 0.68 0 
876 8774 3566 5207 0.68 0 
877 8773 3562 5211 0.68 0 
878 8772 3568 5203 0.68 0 
879 8774 3568 5205 0.68 0 
880 8771 3564 5206 0.68 0 
881 8770 3556 5214 0.68 0 
882 8772 3559 5212 0.68 0 
883 8773 3560 5212 0.68 0 
884 8773 3559 5214 0.68 0 
885 8773 3557 5215 0.68 0 
886 8772 3557 5215 0.68 0 
887 8771 3561 5209 0.68 0 
888 8771 3561 5209 0.68 0 
889 8771 3556 5215 0.68 0 
890 8771 3562 5209 0.68 0 
891 8770 3568 5202 0.68 0 
892 8772 3574 5197 0.68 0 
893 8771 3583 5188 0.69 0 
894 8771 3572 5198 0.68 0 
895 8771 3566 5204 0.68 0 
896 8769 3562 5207 0.68 0 
897 8771 3555 5216 0.68 0 
898 8771 3551 5219 0.68 0 
899 8768 3549 5218 0.68 0 
900 8769 3548 5220 0.67 0 
901 8769 3560 5209 0.68 0 
902 8771 3563 5207 0.68 0 
903 8769 3559 5209 0.68 0 
904 8770 3568 5201 0.68 0 
905 8768 3566 5202 0.68 0 
906 8769 3572 5197 0.68 0 
907 8771 3565 5205 0.68 0 
908 8771 3569 5202 0.68 0 
909 8772 3560 5212 0.68 0 
910 8773 3565 5207 0.68 0 
911 8772 3568 5204 0.68 0 
912 8772 3568 5204 0.68 0 
913 8772 3567 5205 0.68 0 
914 8770 3572 5198 0.68 0 
915 8769 3564 5204 0.68 0 
916 8772 3568 5203 0.68 0 
917 8774 3576 5197 0.68 0 
918 8774 3571 5202 0.68 0 
919 8774 3576 5198 0.68 0 
920 8773 3569 5203 0.68 0 
921 8775 3571 5203 0.68 0 
922 8774 3570 5203 0.68 0 
923 8772 3569 5203 0.68 0 
924 8772 3571 5201 0.68 0 
925 8771 3564 5207 0.68 0 
926 8771 3558 5213 0.68 0 
927 8771 3558 5212 0.68 0 
928 8771 3559 5212 0.68 0 
929 8772 3564 5207 0.68 0 
930 8773 3558 5215 0.68 0 
931 8774 3561 5213 0.68 0 
932 8773 3561 5211 0.68 0 
933 8772 3569 5203 0.68 0 
934 8773 3569 5204 0.68 0 
935 8772 3565 5207 0.68 0 
936 8774 3563 5210 0.68 0 
937 8773 3565 5208 0.68 0 
938 8772 3566 5205 0.68 0 
939 8774 3559 5215 0.68 0 
940 8773 3551 5221 0.68 0 
941 8772 3553 5219 0.68 0 
942 8771 3553 5218 0.68 0 
943 8769 3553 5216 0.68 0 
944 8771 3552 5218 0.68 0 
945 8768 3549 5218 0.68 0 
946 8770 3555 5215 0.68 0 
947 8771 3564 5207 0.68 0 
948 8770 3571 5199 0.68 0 
949 8770 3566 5204 0.68 0 
950 8772 3555 5216 0.68 0 
951 8771 3555 5216 0.68 0 
952 8770 3554 5215 0.68 0 
953 8770 3548 5222 0.67 0 
954 8772 3556 5215 0.68 0 
955 8771 3557 5214 0.68 0 
956 8772 3548 5224 0.67 0 
957 8772 3548 5224 0.67 0 
958 8774 3546 5228 0.67 0 
959 8771 3549 5222 0.67 0 
960 8773 3558 5214 0.68 0 
961 8771 3556 5214 0.68 0 
962 8771 3555 5216 0.68 0 
963 8770 3553 5217 0.68 0 
964 8770 3551 5218 0.68 0 
965 8771 3556 5214 0.68 0 
966 8770 3560 5210 0.68 0 
967 8770 3570 5199 0.68 0 
968 8769 3567 5201 0.68 0 
969 8771 3575 5196 0.68 0 
970 8772 3581 5190 0.68 0 
971 8772 3579 5192 0.68 0 
972 8773 3568 5204 0.68 0 
973 8773 3568 5205 0.68 0 
974 8773 3565 5207 0.68 0 
975 8773 3564 5208 0.68 0 
976 8772 3563 5208 0.68 0 
977 8772 3576 5196 0.68 0 
978 8772 3571 5200 0.68 0 
979 8774 3576 5197 0.68 0 
980 8775 3577 5198 0.68 0 
981 8775 3573 5202 0.68 0 
982 8775 3574 5201 0.68 0 
983 8773 3577 5195 0.68 0 
984 8773 3576 5197 0.68 0 
985 8773 3570 5203 0.68 0 
986 8773 3559 5214 0.68 0 
987 8774 3562 5212 0.68 0 
988 8772 3561 5210 0.68 0 
989 8774 3559 5215 0.68 0 
990 8775 3556 5219 0.68 0 
991 8773 3566 5207 0.68 0 
992 8774 3563 5210 0.68 0 
993 8774 3568 5206 0.68 0 
994 8773 3562 5210 0.68 0 
995 8774 3569 5205 0.68 0 
996 8773 3568 5205 0.68 0 
997 8775 3576 5199 0.68 0 
998 8774 3573 5201 0.68 0 
999 8773 3570 5202 0.68 0 
