#StageNum, TotalCellCount, StemCount, DiffCount, S/D Ratio, TotalMutant, MutantSC, MutantDiff
0 5 5 0 -1 0 0 0 
1 11 7 3 2.33 0 0 0 
2 20 12 8 1.5 0 0 0 
3 35 19 15 1.26 0 0 0 
4 58 31 27 1.14 0 0 0 
5 95 49 46 1.06 0 0 0 
6 154 77 77 1.0 0 0 0 
7 247 124 123 1.0 0 0 0 
8 392 195 196 0.99 0 0 0 
9 614 305 308 0.99 0 0 0 
10 942 465 475 0.97 0 0 0 
11 1414 698 714 0.97 1 1 0 
12 2053 1015 1036 0.97 1 1 0 
13 2857 1419 1435 0.98 2 2 0 
14 3797 1882 1911 0.98 3 2 0 
15 4808 2378 2425 0.98 4 3 1 
16 5808 2876 2925 0.98 5 4 1 
17 6720 3328 3385 0.98 6 5 1 
18 7496 3710 3778 0.98 7 5 1 
19 8118 4020 4090 0.98 8 6 1 
20 8589 4249 4332 0.98 8 6 1 
21 8935 4411 4514 0.97 9 7 2 
22 9180 4525 4645 0.97 9 7 2 
23 9346 4602 4734 0.97 9 7 2 
24 9459 4655 4794 0.97 9 7 2 
25 9533 4685 4837 0.96 10 7 2 
26 9582 4699 4871 0.96 10 7 2 
27 9612 4707 4894 0.96 10 8 2 
28 9631 4710 4910 0.95 10 8 2 
29 9644 4709 4924 0.95 10 8 2 
30 9653 4707 4935 0.95 10 8 2 
31 9657 4705 4941 0.95 10 8 2 
32 9659 4699 4948 0.94 10 8 2 
33 9662 4695 4955 0.94 11 8 2 
34 9663 4691 4960 0.94 11 8 2 
35 9663 4685 4966 0.94 11 8 2 
36 9663 4680 4972 0.94 11 9 2 
37 9663 4672 4979 0.93 11 9 2 
38 9664 4667 4984 0.93 11 9 2 
39 9661 4660 4989 0.93 11 9 2 
40 9658 4653 4993 0.93 11 9 2 
41 9657 4645 5000 0.92 11 9 2 
42 9658 4637 5008 0.92 11 9 2 
43 9658 4632 5014 0.92 12 9 2 
44 9659 4627 5019 0.92 12 9 2 
45 9660 4623 5024 0.92 12 9 2 
46 9660 4618 5029 0.91 12 9 2 
47 9658 4611 5034 0.91 12 10 2 
48 9657 4606 5037 0.91 12 10 2 
49 9659 4603 5042 0.91 12 10 2 
50 9660 4598 5049 0.91 12 10 2 
51 9659 4593 5052 0.9 12 10 2 
52 9656 4586 5056 0.9 13 10 2 
53 9657 4583 5061 0.9 13 10 2 
54 9656 4578 5064 0.9 13 10 2 
55 9656 4574 5068 0.9 13 10 2 
56 9656 4569 5073 0.9 13 10 2 
57 9658 4566 5078 0.89 13 11 2 
58 9656 4558 5083 0.89 13 11 2 
59 9656 4554 5088 0.89 13 11 2 
60 9657 4550 5093 0.89 14 11 2 
61 9657 4545 5097 0.89 14 11 2 
62 9655 4539 5101 0.88 14 11 2 
63 9655 4534 5106 0.88 14 11 2 
64 9654 4530 5109 0.88 14 11 2 
65 9653 4524 5114 0.88 14 11 2 
66 9655 4522 5118 0.88 14 11 2 
67 9655 4519 5121 0.88 14 11 2 
68 9654 4515 5124 0.88 14 11 2 
69 9654 4511 5128 0.87 14 11 2 
70 9654 4509 5130 0.87 14 12 2 
71 9654 4503 5136 0.87 14 12 2 
72 9655 4501 5139 0.87 14 12 2 
73 9651 4494 5142 0.87 14 12 2 
74 9650 4490 5145 0.87 14 12 2 
75 9650 4487 5148 0.87 15 12 2 
76 9650 4484 5150 0.87 15 12 2 
77 9649 4480 5153 0.86 15 12 2 
78 9651 4476 5158 0.86 15 12 2 
79 9652 4475 5161 0.86 15 12 2 
80 9651 4471 5164 0.86 15 12 2 
81 9649 4465 5168 0.86 15 12 2 
82 9648 4460 5172 0.86 15 12 2 
83 9649 4457 5175 0.86 15 13 2 
84 9651 4454 5180 0.85 15 13 2 
85 9651 4450 5185 0.85 15 13 2 
86 9649 4447 5186 0.85 15 13 2 
87 9650 4444 5190 0.85 15 13 2 
88 9650 4441 5193 0.85 15 13 2 
89 9649 4436 5197 0.85 16 13 2 
90 9651 4434 5200 0.85 16 13 2 
91 9649 4431 5201 0.85 16 13 2 
92 9650 4429 5205 0.85 16 13 2 
93 9647 4422 5207 0.84 16 13 2 
94 9649 4420 5212 0.84 16 13 2 
95 9650 4418 5214 0.84 16 13 2 
96 9650 4416 5217 0.84 16 14 2 
97 9651 4416 5217 0.84 16 14 2 
98 9652 4413 5221 0.84 16 14 2 
99 9651 4409 5225 0.84 16 14 2 
100 9650 4405 5228 0.84 17 14 2 
101 9649 4402 5230 0.84 17 14 2 
102 9648 4397 5233 0.84 17 14 2 
103 9646 4393 5235 0.83 17 14 2 
104 9647 4392 5236 0.83 17 14 2 
105 9646 4389 5238 0.83 17 14 2 
106 9648 4389 5240 0.83 17 14 2 
107 9645 4386 5241 0.83 17 15 2 
108 9645 4383 5244 0.83 17 15 2 
109 9647 4380 5249 0.83 17 15 2 
110 9647 4377 5251 0.83 17 15 2 
111 9649 4374 5256 0.83 18 15 2 
112 9647 4370 5259 0.83 18 15 2 
113 9648 4367 5262 0.82 18 15 2 
114 9647 4366 5262 0.82 18 15 2 
115 9649 4364 5266 0.82 18 15 2 
116 9648 4362 5267 0.82 18 15 2 
117 9649 4358 5272 0.82 18 15 2 
118 9648 4356 5272 0.82 18 16 2 
119 9647 4352 5275 0.82 18 16 2 
120 9644 4349 5275 0.82 18 16 2 
121 9645 4346 5280 0.82 19 16 2 
122 9647 4343 5284 0.82 19 16 2 
123 9644 4340 5285 0.82 19 16 2 
124 9644 4339 5285 0.82 19 16 2 
125 9645 4338 5287 0.82 19 16 2 
126 9645 4337 5288 0.82 19 16 2 
127 9645 4336 5289 0.81 19 16 2 
128 9647 4333 5294 0.81 19 16 2 
129 9646 4331 5295 0.81 19 16 2 
130 9645 4327 5298 0.81 19 16 2 
131 9647 4327 5300 0.81 19 17 2 
132 9645 4323 5302 0.81 19 17 2 
133 9644 4319 5304 0.81 20 17 2 
134 9644 4318 5305 0.81 20 17 2 
135 9646 4317 5309 0.81 20 17 2 
136 9645 4312 5311 0.81 20 17 2 
137 9643 4311 5311 0.81 20 17 2 
138 9644 4309 5314 0.81 20 17 2 
139 9642 4305 5316 0.8 20 17 2 
140 9643 4304 5317 0.8 20 17 2 
141 9645 4302 5322 0.8 20 17 2 
142 9644 4299 5324 0.8 20 18 2 
143 9644 4297 5326 0.8 20 18 2 
144 9645 4296 5327 0.8 20 18 2 
145 9645 4296 5328 0.8 20 18 2 
146 9645 4293 5330 0.8 21 18 2 
147 9644 4293 5330 0.8 21 18 2 
148 9645 4292 5331 0.8 21 18 2 
149 9645 4291 5332 0.8 21 18 2 
150 9643 4289 5333 0.8 21 18 2 
151 9644 4287 5334 0.8 21 18 2 
152 9644 4287 5335 0.8 21 18 2 
153 9642 4286 5334 0.8 21 18 2 
154 9644 4285 5337 0.8 21 18 2 
155 9645 4284 5340 0.8 21 18 2 
156 9643 4282 5339 0.8 21 18 2 
157 9642 4280 5339 0.8 21 19 2 
158 9640 4278 5340 0.8 21 19 2 
159 9640 4278 5339 0.8 21 19 2 
160 9643 4278 5342 0.8 22 19 2 
161 9641 4274 5344 0.79 22 19 2 
162 9640 4271 5347 0.79 22 19 2 
163 9641 4268 5350 0.79 22 19 2 
164 9641 4267 5351 0.79 22 19 2 
165 9642 4268 5351 0.79 22 19 2 
166 9641 4266 5353 0.79 22 19 2 
167 9640 4265 5352 0.79 22 19 2 
168 9641 4264 5354 0.79 22 20 2 
169 9641 4261 5357 0.79 22 20 2 
170 9641 4257 5361 0.79 22 20 2 
171 9642 4257 5362 0.79 23 20 2 
172 9643 4256 5363 0.79 23 20 2 
173 9642 4255 5364 0.79 23 20 2 
174 9642 4256 5362 0.79 23 20 2 
175 9643 4255 5364 0.79 23 20 2 
176 9644 4255 5365 0.79 23 20 2 
177 9643 4252 5367 0.79 23 20 2 
178 9644 4249 5370 0.79 23 20 2 
179 9644 4250 5370 0.79 23 21 2 
180 9642 4249 5369 0.79 23 21 2 
181 9644 4248 5371 0.79 23 21 2 
182 9642 4246 5371 0.79 23 21 2 
183 9641 4244 5372 0.79 24 21 2 
184 9640 4244 5372 0.79 24 21 2 
185 9641 4243 5373 0.78 24 21 2 
186 9641 4241 5375 0.78 24 21 2 
187 9639 4237 5377 0.78 24 21 2 
188 9640 4238 5377 0.78 24 21 2 
189 9639 4237 5377 0.78 24 21 2 
190 9639 4234 5380 0.78 24 21 2 
191 9642 4236 5381 0.78 24 22 2 
192 9640 4234 5381 0.78 24 22 2 
193 9641 4232 5384 0.78 24 22 2 
194 9640 4229 5385 0.78 25 22 2 
195 9640 4228 5387 0.78 25 22 2 
196 9641 4229 5386 0.78 25 22 2 
197 9640 4228 5386 0.78 25 22 2 
198 9639 4226 5387 0.78 25 22 2 
199 9641 4226 5389 0.78 25 22 2 
200 9640 4225 5389 0.78 25 22 2 
201 9640 4225 5389 0.78 25 22 2 
202 9642 4226 5390 0.78 25 22 2 
203 9639 4225 5388 0.78 25 22 2 
204 9638 4226 5386 0.78 25 23 2 
205 9640 4224 5389 0.78 25 23 2 
206 9641 4226 5388 0.78 25 23 2 
207 9640 4223 5390 0.78 26 23 2 
208 9638 4221 5391 0.78 26 23 2 
209 9639 4220 5392 0.78 26 23 2 
210 9638 4218 5393 0.78 26 23 2 
211 9638 4216 5395 0.78 26 23 2 
212 9638 4215 5396 0.78 26 23 2 
213 9638 4216 5395 0.78 26 23 2 
214 9642 4218 5396 0.78 26 23 2 
215 9640 4216 5397 0.78 26 23 2 
216 9641 4217 5397 0.78 26 24 2 
217 9642 4217 5398 0.78 26 24 2 
218 9639 4214 5397 0.78 26 24 2 
219 9638 4214 5396 0.78 27 24 2 
220 9637 4215 5394 0.78 27 24 2 
221 9636 4216 5393 0.78 27 24 2 
222 9634 4215 5392 0.78 27 24 2 
223 9637 4215 5394 0.78 27 24 2 
224 9636 4214 5394 0.78 27 24 2 
225 9636 4215 5393 0.78 27 24 2 
226 9636 4214 5394 0.78 27 24 2 
227 9639 4215 5396 0.78 27 24 2 
228 9639 4216 5394 0.78 27 24 2 
229 9639 4214 5397 0.78 27 24 2 
230 9639 4214 5397 0.78 27 25 2 
231 9641 4213 5399 0.78 27 25 2 
232 9642 4212 5401 0.77 28 25 2 
233 9642 4212 5401 0.77 28 25 2 
234 9640 4212 5400 0.78 28 25 2 
235 9641 4213 5399 0.78 28 25 2 
236 9639 4211 5399 0.77 28 25 2 
237 9640 4211 5399 0.77 28 25 2 
238 9639 4211 5399 0.77 28 25 2 
239 9639 4210 5400 0.77 28 25 2 
240 9639 4210 5400 0.77 28 25 2 
241 9640 4210 5401 0.77 28 25 2 
242 9641 4209 5402 0.77 28 25 2 
243 9640 4207 5403 0.77 28 26 2 
244 9638 4206 5403 0.77 29 26 2 
245 9640 4206 5404 0.77 29 26 2 
246 9638 4204 5404 0.77 29 26 3 
247 9637 4203 5404 0.77 29 26 2 
248 9639 4205 5404 0.77 29 26 2 
249 9639 4204 5405 0.77 29 26 2 
250 9641 4206 5405 0.77 29 26 2 
251 9644 4207 5406 0.77 29 26 2 
252 9641 4204 5406 0.77 29 26 2 
253 9641 4203 5407 0.77 30 27 2 
254 9638 4200 5408 0.77 30 27 2 
255 9636 4197 5408 0.77 30 27 2 
256 9636 4198 5408 0.77 30 27 2 
257 9637 4198 5408 0.77 30 27 2 
258 9638 4198 5409 0.77 30 27 2 
259 9640 4199 5410 0.77 30 27 2 
260 9638 4198 5408 0.77 30 27 2 
261 9638 4198 5409 0.77 30 27 2 
262 9637 4197 5409 0.77 30 27 2 
263 9638 4198 5408 0.77 30 27 2 
264 9637 4197 5409 0.77 30 27 2 
265 9637 4196 5410 0.77 30 27 2 
266 9637 4195 5411 0.77 30 28 2 
267 9638 4195 5411 0.77 30 28 2 
268 9637 4194 5411 0.77 31 28 2 
269 9636 4194 5410 0.77 31 28 2 
270 9634 4192 5410 0.77 31 28 2 
271 9636 4193 5411 0.77 31 28 2 
272 9636 4196 5409 0.77 31 28 2 
273 9637 4197 5408 0.77 31 28 2 
274 9639 4197 5410 0.77 31 28 2 
275 9638 4195 5410 0.77 31 28 2 
276 9638 4195 5411 0.77 31 28 2 
277 9636 4195 5409 0.77 31 28 2 
278 9636 4193 5410 0.77 31 29 2 
279 9637 4194 5411 0.77 31 29 2 
280 9635 4193 5410 0.77 31 29 2 
281 9636 4193 5411 0.77 32 29 2 
282 9637 4193 5412 0.77 32 29 2 
283 9635 4190 5412 0.77 32 29 2 
284 9635 4190 5412 0.77 32 29 2 
285 9637 4190 5414 0.77 32 29 2 
286 9637 4190 5414 0.77 32 29 2 
287 9638 4191 5414 0.77 32 29 2 
288 9639 4191 5415 0.77 32 29 2 
289 9639 4188 5418 0.77 32 30 2 
290 9638 4187 5417 0.77 32 30 2 
291 9638 4186 5419 0.77 32 30 2 
292 9638 4187 5418 0.77 33 30 2 
293 9639 4186 5420 0.77 33 30 2 
294 9637 4184 5419 0.77 33 30 2 
295 9637 4185 5419 0.77 33 30 2 
296 9637 4184 5419 0.77 33 30 2 
297 9638 4184 5420 0.77 33 30 2 
298 9637 4182 5421 0.77 33 30 2 
299 9638 4182 5421 0.77 33 30 2 
300 9639 4184 5420 0.77 33 30 2 
301 9638 4183 5420 0.77 33 31 2 
302 9638 4184 5420 0.77 33 31 2 
303 9638 4181 5422 0.77 33 31 2 
304 9638 4180 5423 0.77 33 31 2 
305 9638 4179 5425 0.77 33 31 2 
306 9639 4181 5424 0.77 34 31 2 
307 9639 4180 5424 0.77 34 31 2 
308 9637 4178 5425 0.77 34 31 2 
309 9636 4176 5425 0.76 34 31 2 
310 9636 4174 5427 0.76 34 31 2 
311 9636 4175 5426 0.76 34 31 2 
312 9637 4175 5427 0.76 34 31 2 
313 9638 4176 5426 0.76 34 31 2 
314 9640 4176 5429 0.76 34 32 2 
315 9640 4175 5429 0.76 34 32 2 
316 9640 4176 5429 0.76 34 32 2 
317 9641 4177 5429 0.76 35 32 2 
318 9640 4175 5429 0.76 35 32 2 
319 9639 4174 5429 0.76 35 32 2 
320 9640 4174 5430 0.76 35 32 2 
321 9639 4172 5431 0.76 35 32 2 
322 9639 4171 5432 0.76 35 32 2 
323 9640 4171 5432 0.76 35 32 2 
324 9638 4170 5433 0.76 35 32 2 
325 9637 4169 5432 0.76 35 33 2 
326 9635 4168 5431 0.76 35 33 2 
327 9636 4170 5430 0.76 35 33 2 
328 9636 4170 5430 0.76 35 33 2 
329 9635 4169 5429 0.76 36 33 2 
330 9637 4169 5430 0.76 36 33 2 
331 9635 4169 5430 0.76 36 33 2 
332 9636 4169 5430 0.76 36 33 2 
333 9636 4167 5431 0.76 36 33 2 
334 9634 4166 5430 0.76 36 33 2 
335 9636 4168 5431 0.76 36 33 2 
336 9635 4164 5434 0.76 36 33 2 
337 9636 4165 5434 0.76 36 33 2 
338 9636 4165 5433 0.76 36 33 2 
339 9636 4164 5434 0.76 36 34 2 
340 9635 4164 5434 0.76 36 34 2 
341 9635 4163 5435 0.76 37 34 2 
342 9634 4162 5434 0.76 37 34 2 
343 9635 4162 5435 0.76 37 34 2 
344 9636 4162 5436 0.76 37 34 2 
345 9635 4159 5438 0.76 37 34 2 
346 9635 4159 5438 0.76 37 34 2 
347 9635 4159 5438 0.76 37 34 2 
348 9637 4160 5440 0.76 37 34 2 
349 9636 4159 5439 0.76 37 34 2 
350 9634 4156 5440 0.76 37 34 2 
351 9636 4158 5440 0.76 37 35 2 
352 9634 4155 5441 0.76 37 35 2 
353 9637 4154 5445 0.76 37 35 2 
354 9637 4154 5445 0.76 37 35 2 
355 9637 4153 5445 0.76 38 35 2 
356 9637 4152 5446 0.76 38 35 2 
357 9637 4153 5446 0.76 38 35 2 
358 9638 4154 5446 0.76 38 35 2 
359 9636 4152 5446 0.76 38 35 2 
360 9637 4154 5444 0.76 38 35 2 
361 9638 4155 5444 0.76 38 35 2 
362 9638 4153 5445 0.76 38 35 2 
363 9638 4154 5445 0.76 38 35 2 
364 9638 4152 5447 0.76 38 35 2 
365 9636 4150 5447 0.76 38 36 2 
366 9637 4149 5448 0.76 38 36 2 
367 9635 4148 5448 0.76 39 36 2 
368 9635 4147 5448 0.76 39 36 2 
369 9636 4150 5447 0.76 39 36 2 
370 9635 4149 5447 0.76 39 36 2 
371 9634 4148 5446 0.76 39 36 2 
372 9633 4147 5446 0.76 39 36 2 
373 9634 4146 5447 0.76 39 36 2 
374 9634 4146 5448 0.76 39 36 2 
375 9635 4146 5448 0.76 39 36 2 
376 9637 4147 5449 0.76 39 37 2 
377 9638 4148 5450 0.76 39 37 2 
378 9637 4146 5451 0.76 40 37 2 
379 9635 4147 5448 0.76 40 37 2 
380 9634 4146 5448 0.76 40 37 2 
381 9635 4146 5447 0.76 40 37 2 
382 9635 4147 5447 0.76 40 37 2 
383 9635 4146 5448 0.76 40 37 2 
384 9635 4146 5448 0.76 40 37 2 
385 9634 4146 5447 0.76 40 37 2 
386 9635 4146 5449 0.76 40 37 2 
387 9634 4144 5449 0.76 40 37 2 
388 9634 4143 5450 0.76 40 37 2 
389 9634 4142 5450 0.76 40 38 2 
390 9634 4144 5449 0.76 41 38 2 
391 9636 4145 5449 0.76 41 38 2 
392 9634 4145 5448 0.76 41 38 2 
393 9632 4144 5446 0.76 41 38 2 
394 9631 4142 5447 0.76 41 38 2 
395 9634 4144 5449 0.76 41 38 2 
396 9634 4143 5448 0.76 41 38 2 
397 9632 4142 5448 0.76 41 38 2 
398 9633 4143 5448 0.76 41 38 2 
399 9633 4142 5449 0.76 41 38 2 
400 9633 4143 5448 0.76 41 38 2 
401 9636 4144 5449 0.76 41 39 2 
402 9638 4145 5450 0.76 42 39 2 
403 9635 4144 5449 0.76 42 39 2 
404 9635 4143 5449 0.76 42 39 2 
405 9635 4142 5451 0.75 42 39 2 
406 9636 4143 5450 0.76 42 39 2 
407 9636 4143 5450 0.76 42 39 2 
408 9636 4143 5450 0.76 42 39 2 
409 9635 4145 5448 0.76 42 39 2 
410 9637 4146 5448 0.76 42 39 2 
411 9636 4146 5446 0.76 42 39 2 
412 9634 4145 5445 0.76 42 39 2 
413 9634 4146 5445 0.76 42 40 2 
414 9636 4147 5446 0.76 43 40 2 
415 9636 4148 5445 0.76 43 40 2 
416 9637 4147 5446 0.76 43 40 2 
417 9634 4146 5444 0.76 43 40 2 
418 9634 4146 5445 0.76 43 40 2 
419 9637 4147 5446 0.76 43 40 2 
420 9637 4147 5447 0.76 43 40 2 
421 9635 4144 5447 0.76 43 40 2 
422 9637 4144 5448 0.76 43 40 2 
423 9635 4143 5448 0.76 43 40 2 
424 9637 4144 5449 0.76 43 40 2 
425 9636 4144 5448 0.76 43 40 2 
426 9633 4142 5447 0.76 43 40 2 
427 9635 4142 5448 0.76 43 41 2 
428 9634 4142 5448 0.76 43 41 2 
429 9636 4145 5446 0.76 43 41 2 
430 9635 4145 5446 0.76 43 41 2 
431 9634 4144 5445 0.76 43 41 2 
432 9636 4145 5446 0.76 44 41 2 
433 9635 4144 5446 0.76 44 41 2 
434 9633 4143 5445 0.76 44 41 2 
435 9634 4144 5445 0.76 44 41 2 
436 9634 4144 5445 0.76 44 41 2 
437 9636 4144 5447 0.76 44 41 2 
438 9636 4143 5448 0.76 44 41 2 
439 9633 4142 5446 0.76 44 42 2 
440 9634 4141 5448 0.76 44 42 2 
441 9635 4141 5449 0.75 44 42 2 
442 9637 4143 5449 0.76 44 42 2 
443 9637 4142 5450 0.76 44 42 2 
444 9636 4143 5448 0.76 44 42 2 
445 9633 4140 5447 0.76 44 42 2 
446 9633 4140 5448 0.75 45 42 2 
447 9634 4141 5448 0.76 45 42 2 
448 9633 4140 5447 0.76 45 42 2 
449 9635 4142 5447 0.76 45 42 2 
450 9633 4140 5447 0.76 45 42 2 
451 9633 4139 5447 0.75 45 42 2 
452 9635 4141 5448 0.76 45 42 2 
453 9635 4140 5449 0.75 45 43 2 
454 9635 4139 5450 0.75 45 43 2 
455 9636 4139 5450 0.75 45 43 2 
456 9637 4137 5453 0.75 46 43 2 
457 9639 4138 5454 0.75 46 43 2 
458 9638 4138 5454 0.75 46 43 2 
459 9637 4136 5454 0.75 46 43 2 
460 9637 4135 5455 0.75 46 43 2 
461 9636 4134 5455 0.75 46 43 2 
462 9636 4134 5455 0.75 46 43 2 
463 9638 4134 5457 0.75 46 43 2 
464 9635 4134 5455 0.75 46 44 2 
465 9635 4134 5454 0.75 47 44 2 
466 9637 4135 5455 0.75 47 44 2 
467 9635 4135 5452 0.75 47 44 2 
468 9635 4136 5451 0.75 47 44 2 
469 9634 4136 5450 0.75 47 44 2 
470 9634 4135 5451 0.75 47 44 2 
471 9636 4135 5453 0.75 47 44 2 
472 9636 4135 5453 0.75 47 44 2 
473 9637 4135 5453 0.75 47 44 2 
474 9637 4136 5454 0.75 47 44 2 
475 9638 4136 5454 0.75 47 44 2 
476 9634 4134 5452 0.75 47 44 2 
477 9634 4136 5450 0.75 47 44 2 
478 9635 4135 5452 0.75 47 45 2 
479 9637 4136 5452 0.75 47 45 2 
480 9635 4135 5452 0.75 48 45 2 
481 9633 4135 5449 0.75 48 45 2 
482 9635 4135 5451 0.75 48 45 2 
483 9635 4136 5451 0.75 48 45 2 
484 9638 4138 5452 0.75 48 45 2 
485 9638 4137 5451 0.75 48 45 2 
486 9636 4137 5450 0.75 48 45 2 
487 9637 4136 5451 0.75 48 45 2 
488 9637 4137 5451 0.75 48 45 2 
489 9637 4138 5450 0.75 48 45 2 
490 9636 4138 5449 0.75 48 45 2 
491 9637 4138 5449 0.75 48 46 2 
492 9638 4139 5449 0.75 49 46 2 
493 9636 4137 5450 0.75 49 46 2 
494 9637 4138 5449 0.75 49 46 2 
495 9636 4138 5448 0.75 49 46 2 
496 9635 4139 5447 0.75 49 46 2 
497 9636 4138 5449 0.75 49 46 2 
498 9635 4137 5448 0.75 49 46 2 
499 9636 4138 5448 0.75 49 46 2 
500 9634 4138 5446 0.75 49 46 2 
501 9636 4139 5447 0.75 49 46 2 
502 9637 4139 5447 0.75 49 47 2 
503 9637 4140 5446 0.76 49 47 2 
504 9638 4141 5446 0.76 50 47 2 
505 9638 4142 5446 0.76 50 47 2 
506 9635 4141 5443 0.76 50 47 2 
507 9636 4140 5445 0.76 50 47 2 
508 9637 4142 5445 0.76 50 47 2 
509 9637 4142 5444 0.76 50 47 2 
510 9634 4138 5445 0.75 50 47 2 
511 9637 4139 5447 0.75 50 47 2 
512 9636 4138 5446 0.75 50 47 2 
513 9636 4137 5447 0.75 50 47 2 
514 9637 4138 5448 0.75 50 48 2 
515 9638 4138 5448 0.75 51 48 2 
516 9637 4137 5448 0.75 51 48 2 
517 9638 4140 5447 0.76 51 48 2 
518 9637 4140 5444 0.76 51 48 2 
519 9636 4140 5444 0.76 51 48 2 
520 9636 4141 5443 0.76 51 48 2 
521 9636 4141 5443 0.76 51 48 2 
522 9636 4140 5444 0.76 51 48 2 
523 9637 4139 5446 0.76 51 48 2 
524 9636 4137 5446 0.75 51 48 2 
525 9639 4138 5448 0.75 51 48 2 
526 9637 4138 5446 0.75 51 48 2 
527 9635 4136 5447 0.75 51 49 2 
528 9634 4136 5446 0.75 51 49 2 
529 9636 4137 5447 0.75 51 49 2 
530 9637 4138 5446 0.75 52 49 2 
531 9637 4137 5447 0.75 52 49 2 
532 9635 4137 5446 0.75 52 49 2 
533 9635 4139 5444 0.76 52 49 2 
534 9634 4138 5443 0.76 52 49 2 
535 9633 4137 5443 0.76 52 49 2 
536 9637 4139 5446 0.76 52 49 2 
537 9638 4140 5445 0.76 52 49 2 
538 9638 4141 5443 0.76 52 49 2 
539 9638 4139 5446 0.76 52 49 2 
540 9638 4138 5447 0.75 52 49 2 
541 9638 4138 5446 0.75 52 50 2 
542 9638 4139 5446 0.76 53 50 2 
543 9637 4138 5445 0.75 53 50 2 
544 9637 4138 5446 0.75 53 50 2 
545 9637 4138 5445 0.75 53 50 2 
546 9637 4138 5444 0.76 53 50 2 
547 9635 4138 5443 0.76 53 50 2 
548 9636 4138 5444 0.76 53 50 2 
549 9633 4134 5445 0.75 53 50 2 
550 9634 4135 5445 0.75 53 50 2 
551 9633 4135 5444 0.75 53 50 2 
552 9634 4135 5445 0.75 53 50 2 
553 9635 4136 5444 0.75 53 50 2 
554 9637 4136 5446 0.75 53 51 2 
555 9636 4135 5447 0.75 53 51 2 
556 9636 4136 5445 0.75 53 51 2 
557 9635 4135 5445 0.75 54 51 2 
558 9633 4134 5444 0.75 54 51 2 
559 9636 4135 5446 0.75 54 51 2 
560 9635 4135 5444 0.75 54 51 2 
561 9636 4135 5446 0.75 54 51 2 
562 9637 4136 5446 0.75 54 51 2 
563 9638 4137 5446 0.75 54 51 2 
564 9637 4135 5447 0.75 54 51 2 
565 9637 4135 5447 0.75 54 51 2 
566 9636 4135 5446 0.75 54 51 2 
567 9635 4136 5444 0.75 54 52 2 
568 9633 4136 5442 0.76 54 52 2 
569 9635 4137 5443 0.76 54 52 2 
570 9636 4139 5442 0.76 55 52 2 
571 9636 4138 5442 0.76 55 52 2 
572 9639 4140 5443 0.76 55 52 2 
573 9637 4138 5443 0.76 55 52 2 
574 9637 4138 5443 0.76 55 52 2 
575 9637 4138 5444 0.76 55 52 2 
576 9636 4135 5445 0.75 55 52 2 
577 9636 4136 5444 0.75 55 52 2 
578 9635 4135 5444 0.75 55 52 2 
579 9635 4135 5444 0.75 55 52 2 
580 9635 4134 5444 0.75 55 53 2 
581 9635 4137 5442 0.76 55 53 2 
582 9635 4135 5443 0.75 56 53 2 
583 9634 4134 5443 0.75 56 53 2 
584 9635 4134 5444 0.75 56 53 2 
585 9635 4135 5444 0.75 56 53 2 
586 9636 4134 5445 0.75 56 53 2 
587 9637 4133 5447 0.75 56 53 2 
588 9637 4136 5444 0.75 56 53 2 
589 9635 4135 5443 0.75 56 53 2 
590 9634 4134 5442 0.75 56 54 2 
591 9633 4135 5441 0.75 57 54 2 
592 9635 4137 5440 0.76 57 54 2 
593 9634 4137 5439 0.76 57 54 2 
594 9633 4137 5438 0.76 57 54 2 
595 9635 4138 5438 0.76 57 54 2 
596 9634 4138 5438 0.76 57 54 2 
597 9634 4139 5437 0.76 57 54 2 
598 9634 4140 5436 0.76 57 54 2 
599 9635 4140 5437 0.76 57 54 2 
600 9634 4137 5438 0.76 57 54 2 
601 9634 4137 5439 0.76 57 54 2 
602 9635 4137 5440 0.76 57 54 2 
603 9636 4140 5437 0.76 57 55 2 
604 9637 4142 5437 0.76 57 55 2 
605 9636 4141 5437 0.76 58 55 2 
606 9637 4143 5436 0.76 58 55 2 
607 9637 4142 5436 0.76 58 55 2 
608 9639 4143 5437 0.76 58 55 2 
609 9637 4143 5436 0.76 58 55 2 
610 9639 4142 5438 0.76 58 55 2 
611 9638 4141 5438 0.76 58 55 2 
612 9637 4141 5438 0.76 58 55 2 
613 9639 4142 5437 0.76 58 55 2 
614 9637 4140 5437 0.76 58 55 2 
615 9637 4140 5437 0.76 58 55 2 
616 9637 4140 5437 0.76 58 56 2 
617 9638 4138 5440 0.76 59 56 2 
618 9638 4139 5440 0.76 59 56 2 
619 9637 4138 5439 0.76 59 56 2 
620 9635 4136 5439 0.76 59 56 2 
621 9637 4137 5440 0.76 59 56 2 
622 9636 4135 5441 0.75 59 56 3 
623 9637 4134 5443 0.75 59 56 3 
624 9635 4132 5443 0.75 59 56 3 
625 9635 4132 5443 0.75 59 56 3 
626 9635 4132 5443 0.75 59 56 3 
627 9637 4131 5446 0.75 60 57 3 
628 9634 4131 5443 0.75 60 57 3 
629 9634 4132 5442 0.75 60 57 3 
630 9636 4133 5443 0.75 60 57 3 
631 9637 4133 5443 0.75 60 57 2 
632 9636 4132 5443 0.75 60 57 2 
633 9636 4132 5443 0.75 60 57 2 
634 9638 4132 5444 0.75 60 57 2 
635 9639 4133 5445 0.75 60 57 2 
636 9639 4134 5444 0.75 60 57 2 
637 9637 4133 5443 0.75 60 57 2 
638 9636 4132 5442 0.75 60 57 2 
639 9634 4132 5441 0.75 60 57 2 
640 9633 4131 5441 0.75 61 58 2 
641 9633 4129 5442 0.75 61 58 2 
642 9633 4130 5441 0.75 61 58 2 
643 9633 4131 5440 0.75 61 58 2 
644 9635 4133 5440 0.75 61 58 2 
645 9637 4132 5443 0.75 61 58 2 
646 9636 4132 5442 0.75 61 58 2 
647 9636 4130 5444 0.75 61 58 2 
648 9635 4129 5444 0.75 61 58 2 
649 9635 4129 5444 0.75 61 58 2 
650 9635 4129 5444 0.75 61 58 2 
651 9635 4129 5444 0.75 61 58 2 
652 9635 4127 5446 0.75 61 58 2 
653 9636 4127 5447 0.75 61 59 2 
654 9634 4126 5445 0.75 61 59 2 
655 9633 4127 5444 0.75 62 59 2 
656 9634 4128 5443 0.75 62 59 2 
657 9636 4129 5444 0.75 62 59 2 
658 9636 4129 5444 0.75 62 59 2 
659 9635 4130 5442 0.75 62 59 2 
660 9635 4129 5443 0.75 62 59 2 
661 9638 4130 5444 0.75 62 59 2 
662 9638 4130 5444 0.75 62 59 2 
663 9639 4130 5445 0.75 62 59 3 
664 9634 4129 5442 0.75 62 59 3 
665 9637 4130 5444 0.75 62 60 2 
666 9635 4127 5445 0.75 63 60 2 
667 9635 4125 5447 0.75 63 60 3 
668 9634 4126 5444 0.75 63 60 3 
669 9635 4126 5445 0.75 63 60 3 
670 9635 4125 5446 0.75 63 60 3 
671 9636 4128 5445 0.75 63 60 3 
672 9639 4129 5446 0.75 63 60 3 
673 9638 4128 5445 0.75 63 60 3 
674 9638 4129 5444 0.75 63 60 3 
675 9637 4128 5444 0.75 63 60 3 
676 9637 4130 5443 0.75 63 60 3 
677 9637 4131 5442 0.75 63 60 2 
678 9637 4129 5443 0.75 64 60 3 
679 9637 4128 5445 0.75 64 61 3 
680 9636 4126 5446 0.75 64 61 3 
681 9636 4124 5447 0.75 64 61 2 
682 9635 4123 5447 0.75 64 61 3 
683 9634 4122 5447 0.75 64 61 3 
684 9635 4122 5448 0.75 64 61 3 
685 9634 4123 5447 0.75 64 61 2 
686 9635 4123 5447 0.75 64 61 2 
687 9636 4125 5446 0.75 64 61 2 
688 9635 4123 5446 0.75 64 61 2 
689 9635 4124 5447 0.75 64 61 2 
690 9634 4125 5444 0.75 64 61 2 
691 9636 4126 5445 0.75 64 61 2 
692 9634 4124 5445 0.75 64 61 2 
693 9634 4124 5445 0.75 64 61 2 
694 9635 4124 5446 0.75 64 62 2 
695 9635 4123 5446 0.75 64 62 2 
696 9635 4126 5443 0.75 65 62 2 
697 9635 4126 5444 0.75 65 62 2 
698 9635 4126 5443 0.75 65 62 2 
699 9636 4128 5442 0.75 65 62 2 
700 9636 4127 5443 0.75 65 62 2 
701 9636 4126 5444 0.75 65 62 2 
702 9635 4128 5441 0.75 65 62 2 
703 9637 4128 5443 0.75 65 62 2 
704 9637 4128 5443 0.75 65 62 2 
705 9638 4128 5444 0.75 65 62 2 
706 9636 4127 5442 0.75 65 63 2 
707 9636 4127 5442 0.75 65 63 2 
708 9636 4126 5444 0.75 65 63 2 
709 9636 4127 5443 0.75 65 63 2 
710 9635 4125 5444 0.75 66 63 2 
711 9635 4125 5444 0.75 66 63 2 
712 9633 4125 5442 0.75 66 63 2 
713 9635 4124 5444 0.75 66 63 2 
714 9633 4123 5443 0.75 66 63 2 
715 9633 4122 5444 0.75 66 63 2 
716 9635 4125 5443 0.75 66 63 2 
717 9635 4124 5444 0.75 66 63 2 
718 9637 4125 5446 0.75 66 63 2 
719 9638 4125 5445 0.75 66 64 2 
720 9637 4125 5445 0.75 66 64 2 
721 9636 4127 5442 0.75 66 64 2 
722 9637 4127 5442 0.75 66 64 2 
723 9636 4127 5441 0.75 66 64 2 
724 9637 4128 5441 0.75 67 64 2 
725 9636 4129 5440 0.75 67 64 2 
726 9638 4130 5440 0.75 67 64 2 
727 9638 4128 5442 0.75 67 64 2 
728 9638 4131 5439 0.75 67 64 2 
729 9636 4130 5438 0.75 67 64 2 
730 9634 4128 5438 0.75 67 64 2 
731 9634 4130 5436 0.75 67 64 2 
732 9635 4131 5436 0.75 67 65 2 
733 9636 4132 5437 0.75 67 65 2 
734 9635 4130 5436 0.75 67 65 2 
735 9633 4129 5435 0.75 68 65 2 
736 9632 4130 5433 0.76 68 65 2 
737 9634 4132 5433 0.76 68 65 2 
738 9634 4132 5432 0.76 68 65 2 
739 9635 4132 5435 0.76 68 65 2 
740 9636 4132 5435 0.76 68 65 2 
741 9637 4130 5438 0.75 68 65 2 
742 9636 4129 5437 0.75 68 65 2 
743 9633 4126 5437 0.75 68 66 2 
744 9633 4124 5440 0.75 68 66 2 
745 9633 4125 5439 0.75 69 66 2 
746 9631 4123 5439 0.75 69 66 2 
747 9630 4122 5439 0.75 69 66 2 
748 9633 4123 5440 0.75 69 66 2 
749 9632 4121 5441 0.75 69 66 2 
750 9632 4119 5443 0.75 69 66 2 
751 9632 4118 5444 0.75 69 66 2 
752 9635 4119 5445 0.75 69 66 2 
753 9635 4120 5445 0.75 69 66 2 
754 9636 4119 5446 0.75 69 66 2 
755 9635 4119 5446 0.75 69 66 2 
756 9635 4121 5444 0.75 69 66 2 
757 9635 4121 5444 0.75 69 66 2 
758 9634 4121 5443 0.75 69 67 2 
759 9635 4121 5444 0.75 69 67 2 
760 9636 4122 5444 0.75 69 67 2 
761 9635 4123 5441 0.75 70 67 2 
762 9634 4123 5440 0.75 70 67 2 
763 9635 4124 5440 0.75 70 67 2 
764 9633 4123 5440 0.75 70 67 2 
765 9635 4123 5441 0.75 70 67 2 
766 9634 4122 5441 0.75 70 67 2 
767 9635 4122 5441 0.75 70 67 2 
768 9635 4122 5442 0.75 70 67 2 
769 9635 4123 5441 0.75 70 67 2 
770 9635 4123 5441 0.75 70 67 2 
771 9635 4124 5440 0.75 70 67 2 
772 9636 4123 5441 0.75 70 68 2 
773 9635 4123 5440 0.75 70 68 2 
774 9635 4123 5441 0.75 70 68 2 
775 9637 4123 5442 0.75 71 68 2 
776 9637 4122 5444 0.75 71 68 2 
777 9634 4120 5442 0.75 71 68 2 
778 9636 4121 5443 0.75 71 68 2 
779 9636 4122 5442 0.75 71 68 2 
780 9634 4122 5440 0.75 71 68 2 
781 9634 4122 5440 0.75 71 68 2 
782 9634 4122 5440 0.75 71 69 2 
783 9636 4124 5440 0.75 71 69 2 
784 9635 4124 5439 0.75 72 69 2 
785 9636 4124 5439 0.75 72 69 2 
786 9634 4124 5437 0.75 72 69 2 
787 9632 4122 5437 0.75 72 69 2 
788 9632 4122 5437 0.75 72 69 2 
789 9634 4122 5439 0.75 72 69 2 
790 9633 4123 5437 0.75 72 69 2 
791 9633 4123 5437 0.75 72 69 2 
792 9634 4125 5436 0.75 72 69 2 
793 9633 4125 5435 0.75 72 69 2 
794 9633 4126 5434 0.75 72 69 2 
795 9634 4127 5434 0.75 72 70 2 
796 9638 4130 5435 0.75 72 70 2 
797 9637 4131 5433 0.76 72 70 2 
798 9636 4129 5434 0.75 73 70 2 
799 9635 4129 5433 0.75 73 70 2 
800 9635 4127 5435 0.75 73 70 2 
801 9635 4127 5434 0.75 73 70 2 
802 9635 4127 5435 0.75 73 70 2 
803 9634 4126 5434 0.75 73 70 2 
804 9635 4127 5434 0.75 73 70 2 
805 9636 4127 5435 0.75 73 70 2 
806 9637 4128 5435 0.75 73 70 2 
807 9638 4127 5437 0.75 73 71 2 
808 9636 4126 5436 0.75 73 71 2 
809 9635 4125 5436 0.75 73 71 2 
810 9636 4125 5436 0.75 73 71 2 
811 9637 4125 5437 0.75 73 71 2 
812 9634 4124 5436 0.75 74 71 2 
813 9634 4122 5437 0.75 74 71 2 
814 9634 4122 5438 0.75 74 71 2 
815 9634 4121 5438 0.75 74 71 2 
816 9634 4122 5437 0.75 74 71 2 
817 9634 4119 5440 0.75 74 71 2 
818 9635 4119 5441 0.75 74 71 2 
819 9636 4120 5440 0.75 74 71 2 
820 9635 4119 5441 0.75 74 71 2 
821 9637 4120 5442 0.75 74 71 2 
822 9637 4120 5442 0.75 74 72 2 
823 9636 4119 5441 0.75 74 72 2 
824 9637 4120 5442 0.75 74 72 2 
825 9639 4123 5441 0.75 75 72 2 
826 9639 4122 5441 0.75 75 72 2 
827 9638 4120 5442 0.75 75 72 2 
828 9637 4119 5443 0.75 75 72 2 
829 9636 4117 5443 0.75 75 72 2 
830 9634 4116 5442 0.75 75 72 2 
831 9634 4119 5439 0.75 75 72 2 
832 9634 4117 5441 0.75 75 72 2 
833 9633 4116 5442 0.75 75 72 2 
834 9635 4115 5444 0.75 75 72 2 
835 9637 4116 5444 0.75 75 72 2 
836 9635 4117 5442 0.75 75 73 2 
837 9636 4117 5443 0.75 75 73 2 
838 9634 4116 5441 0.75 75 73 2 
839 9637 4117 5443 0.75 75 73 2 
840 9635 4116 5443 0.75 76 73 2 
841 9635 4115 5443 0.75 76 73 2 
842 9634 4113 5444 0.75 76 73 2 
843 9632 4115 5441 0.75 76 73 2 
844 9634 4116 5441 0.75 76 73 2 
845 9633 4116 5440 0.75 76 73 2 
846 9634 4116 5442 0.75 76 73 2 
847 9633 4116 5441 0.75 76 73 2 
848 9634 4116 5440 0.75 76 73 2 
849 9634 4116 5441 0.75 76 74 2 
850 9633 4116 5439 0.75 76 74 2 
851 9633 4117 5438 0.75 76 74 2 
852 9635 4118 5440 0.75 76 74 2 
853 9635 4119 5438 0.75 77 74 2 
854 9633 4118 5437 0.75 77 74 2 
855 9633 4119 5437 0.75 77 74 2 
856 9630 4117 5435 0.75 77 74 2 
857 9632 4117 5436 0.75 77 74 2 
858 9633 4119 5436 0.75 77 74 2 
859 9636 4122 5436 0.75 77 74 2 
860 9635 4123 5434 0.75 77 74 2 
861 9636 4123 5435 0.75 77 74 2 
862 9634 4122 5434 0.75 77 75 2 
863 9634 4124 5432 0.75 77 75 2 
864 9634 4122 5433 0.75 77 75 2 
865 9633 4122 5433 0.75 78 75 2 
866 9634 4122 5434 0.75 78 75 2 
867 9636 4122 5435 0.75 78 75 2 
868 9637 4124 5434 0.75 78 75 2 
869 9638 4128 5431 0.76 78 75 2 
870 9638 4128 5431 0.76 78 75 2 
871 9636 4127 5430 0.76 78 75 2 
872 9634 4127 5428 0.76 78 75 2 
873 9633 4127 5427 0.76 78 75 2 
874 9637 4129 5429 0.76 78 75 2 
875 9637 4128 5430 0.76 78 76 2 
876 9637 4130 5428 0.76 78 76 2 
877 9636 4129 5428 0.76 78 76 2 
878 9634 4128 5427 0.76 78 76 2 
879 9635 4129 5426 0.76 79 76 2 
880 9634 4130 5425 0.76 79 76 2 
881 9632 4129 5424 0.76 79 76 2 
882 9632 4129 5423 0.76 79 76 2 
883 9632 4130 5422 0.76 79 76 2 
884 9636 4132 5424 0.76 79 76 2 
885 9636 4130 5426 0.76 79 76 2 
886 9633 4128 5425 0.76 79 77 2 
887 9636 4129 5427 0.76 79 77 2 
888 9636 4129 5426 0.76 79 77 2 
889 9635 4126 5429 0.75 79 77 2 
890 9638 4128 5430 0.76 79 77 2 
891 9638 4127 5430 0.76 80 77 2 
892 9635 4126 5429 0.75 80 77 2 
893 9634 4125 5428 0.75 80 77 2 
894 9635 4123 5431 0.75 80 77 2 
895 9635 4123 5432 0.75 80 77 2 
896 9636 4124 5432 0.75 80 77 2 
897 9638 4124 5433 0.75 80 77 2 
898 9638 4123 5433 0.75 80 78 2 
899 9638 4125 5433 0.75 80 78 2 
900 9640 4125 5433 0.75 80 78 2 
901 9639 4123 5434 0.75 80 78 2 
902 9638 4125 5431 0.75 80 78 2 
903 9635 4125 5428 0.75 81 78 2 
904 9634 4124 5428 0.75 81 78 2 
905 9635 4126 5427 0.76 81 78 2 
906 9635 4127 5426 0.76 81 78 2 
907 9635 4128 5426 0.76 81 78 2 
908 9638 4127 5429 0.76 81 78 2 
909 9635 4125 5428 0.75 81 78 2 
910 9637 4125 5430 0.75 81 78 2 
911 9638 4125 5430 0.75 81 78 2 
912 9637 4127 5428 0.76 81 79 2 
913 9638 4128 5427 0.76 81 79 2 
914 9635 4129 5424 0.76 81 79 2 
915 9635 4129 5424 0.76 81 79 2 
916 9635 4128 5424 0.76 81 79 2 
917 9636 4128 5425 0.76 82 79 2 
918 9635 4128 5425 0.76 82 79 2 
919 9636 4129 5424 0.76 82 79 2 
920 9635 4129 5424 0.76 82 79 2 
921 9634 4126 5425 0.76 82 79 2 
922 9635 4126 5426 0.76 82 79 2 
923 9634 4125 5426 0.76 82 79 2 
924 9634 4125 5425 0.76 82 80 2 
925 9635 4126 5426 0.76 82 80 2 
926 9635 4125 5427 0.76 82 80 2 
927 9632 4124 5425 0.76 82 80 2 
928 9634 4123 5428 0.75 82 80 2 
929 9634 4123 5428 0.75 82 80 2 
930 9635 4123 5429 0.75 83 80 2 
931 9634 4122 5428 0.75 83 80 2 
932 9634 4123 5428 0.75 83 80 2 
933 9634 4123 5427 0.75 83 80 2 
934 9635 4122 5430 0.75 83 80 2 
935 9636 4123 5429 0.75 83 80 2 
936 9636 4124 5428 0.75 83 80 2 
937 9637 4126 5427 0.76 83 81 2 
938 9637 4124 5429 0.75 83 81 2 
939 9636 4122 5430 0.75 83 81 2 
940 9635 4121 5429 0.75 83 81 2 
941 9636 4121 5430 0.75 84 81 2 
942 9638 4122 5432 0.75 84 81 2 
943 9636 4120 5431 0.75 84 81 2 
944 9636 4121 5430 0.75 84 81 2 
945 9636 4119 5432 0.75 84 81 2 
946 9638 4118 5435 0.75 84 81 2 
947 9635 4116 5434 0.75 84 81 2 
948 9635 4115 5435 0.75 84 81 2 
949 9635 4114 5436 0.75 84 82 2 
950 9636 4114 5437 0.75 84 82 2 
951 9637 4114 5438 0.75 84 82 2 
952 9634 4113 5436 0.75 84 82 2 
953 9633 4112 5436 0.75 84 82 2 
954 9634 4112 5436 0.75 85 82 2 
955 9634 4112 5436 0.75 85 82 2 
956 9635 4115 5434 0.75 85 82 2 
957 9635 4115 5434 0.75 85 82 2 
958 9634 4113 5435 0.75 85 82 2 
959 9632 4112 5435 0.75 85 82 2 
960 9633 4111 5436 0.75 85 82 2 
961 9634 4110 5438 0.75 85 83 2 
962 9636 4113 5437 0.75 85 83 2 
963 9637 4111 5439 0.75 85 83 2 
964 9634 4110 5438 0.75 85 83 2 
965 9634 4112 5436 0.75 85 83 2 
966 9636 4112 5438 0.75 85 83 2 
967 9637 4113 5438 0.75 85 83 2 
968 9639 4116 5437 0.75 85 83 2 
969 9636 4113 5437 0.75 86 83 2 
970 9634 4112 5435 0.75 86 83 2 
971 9636 4112 5436 0.75 86 83 2 
972 9637 4113 5437 0.75 86 83 2 
973 9637 4113 5437 0.75 86 83 2 
974 9637 4112 5438 0.75 86 84 2 
975 9636 4111 5438 0.75 86 84 2 
976 9638 4112 5439 0.75 86 84 2 
977 9635 4110 5438 0.75 86 84 2 
978 9636 4110 5439 0.75 86 84 2 
979 9637 4110 5439 0.75 86 84 2 
980 9637 4110 5439 0.75 87 84 2 
981 9637 4109 5440 0.75 87 84 2 
982 9636 4108 5441 0.75 87 84 2 
983 9634 4106 5440 0.75 87 84 2 
984 9632 4103 5441 0.75 87 84 2 
985 9633 4105 5441 0.75 87 84 2 
986 9634 4106 5440 0.75 87 84 2 
987 9633 4106 5440 0.75 87 84 2 
988 9632 4106 5437 0.75 87 85 2 
989 9631 4106 5437 0.75 87 85 2 
990 9631 4107 5436 0.75 87 85 2 
991 9633 4110 5435 0.75 87 85 2 
992 9635 4109 5438 0.75 87 85 2 
993 9635 4110 5436 0.75 87 85 2 
994 9635 4109 5438 0.75 88 85 2 
995 9636 4110 5437 0.75 88 85 2 
996 9632 4109 5435 0.75 88 85 2 
997 9633 4110 5435 0.75 88 85 2 
998 9635 4110 5435 0.75 88 85 2 
999 9635 4110 5436 0.75 88 85 2 
