#StageNum, CellCount, Sqrt/log, StemCount, DiffCount, MutantCount
0 5 2.23606797749979 5 0 0
1 8 2.8284271247461903 4 4 0
2 9 3.0 4 5 0
3 14 3.7416573867739413 11 3 0
4 19 4.358898943540674 13 6 0
5 19 4.358898943540674 11 8 0
6 20 4.47213595499958 6 14 0
7 21 4.58257569495584 9 12 0
8 25 5.0 7 18 0
9 26 5.0990195135927845 6 20 0
10 26 5.0990195135927845 4 22 0
11 27 5.196152422706632 4 23 0
12 27 5.196152422706632 5 22 0
13 30 5.477225575051661 7 23 0
14 31 5.5677643628300215 7 24 0
15 33 5.744562646538029 11 22 0
16 35 5.916079783099616 12 23 0
17 37 6.082762530298219 9 28 0
18 39 6.244997998398398 9 30 0
19 40 6.324555320336759 8 32 0
20 40 6.324555320336759 5 35 0
21 45 6.708203932499369 9 36 0
22 51 7.14142842854285 16 35 0
23 54 7.3484692283495345 15 39 0
24 56 7.483314773547883 9 47 0
25 58 7.615773105863909 11 47 0
26 58 7.615773105863909 10 48 0
27 60 7.745966692414834 10 50 0
28 64 8.0 16 48 0
29 65 8.06225774829855 17 48 0
30 66 8.12403840463596 17 49 0
31 71 8.426149773176359 13 58 0
32 75 8.660254037844387 21 54 0
33 79 8.888194417315589 18 61 0
34 85 9.219544457292887 23 62 0
35 90 9.486832980505138 29 61 0
36 99 9.9498743710662 36 63 0
37 107 10.344080432788601 43 64 0
38 122 11.045361017187261 50 72 0
39 133 11.532562594670797 51 82 0
40 144 12.0 50 94 0
41 151 12.288205727444508 50 101 0
42 155 12.449899597988733 48 107 0
43 163 12.767145334803704 46 117 0
44 167 12.922847983320086 43 124 0
45 172 13.114877048604 59 113 0
46 181 13.45362404707371 47 134 0
47 186 13.638181696985855 39 147 0
48 186 13.638181696985855 42 144 0
49 191 13.820274961085254 38 153 0
50 198 14.071247279470288 41 157 0
51 199 14.106735979665885 40 159 0
52 213 14.594519519326424 52 161 0
53 225 15.0 51 174 0
54 239 15.459624833740307 55 184 0
55 253 15.905973720586866 57 196 0
56 259 16.09347693943108 57 202 0
57 271 16.46207763315433 52 219 0
58 272 16.492422502470642 54 218 0
59 279 16.703293088490067 56 223 0
60 281 16.76305461424021 50 231 0
61 284 16.852299546352718 47 237 0
62 285 16.881943016134134 56 229 0
63 290 17.029386365926403 61 229 0
64 292 17.08800749063506 64 228 0
65 298 17.26267650163207 83 215 0
66 298 17.26267650163207 71 227 0
67 298 17.26267650163207 70 228 0
68 301 17.349351572897472 59 242 0
69 303 17.406895185529212 56 247 0
70 309 17.578395831246947 61 248 0
71 314 17.72004514666935 75 239 0
72 316 17.776388834631177 76 240 0
73 328 18.110770276274835 88 240 0
74 335 18.303005217723125 94 241 0
75 338 18.384776310850235 93 245 0
76 349 18.681541692269406 101 248 0
77 360 18.973665961010276 94 266 0
78 372 19.28730152198591 89 283 0
79 377 19.4164878389476 93 284 0
80 391 19.77371993328519 86 305 0
81 412 20.29778313018444 105 307 0
82 430 20.73644135332772 96 334 0
83 437 20.904544960366874 93 344 0
84 449 21.18962010041709 92 357 0
85 460 21.447610589527216 105 355 0
86 466 21.587033144922902 119 347 0
87 481 21.93171219946131 110 371 0
88 485 22.02271554554524 111 374 0
89 493 22.20360331117452 105 388 0
90 500 22.360679774997898 116 384 0
91 510 22.58317958127243 97 413 0
92 512 22.627416997969522 104 408 0
93 517 22.737634001804146 97 420 0
94 522 22.847319317591726 105 417 0
95 525 22.9128784747792 107 418 0
96 531 23.043437243605826 119 412 0
97 542 23.280893453645632 125 417 0
98 556 23.57965224510319 129 427 0
99 554 23.53720459187964 127 427 0
100 556 23.57965224510319 121 435 0
101 558 23.62202362203543 113 445 0
102 566 23.790754506740637 112 454 0
103 564 23.748684174075834 116 448 0
104 573 23.93741840717165 123 450 0
105 590 24.289915602982237 130 460 0
106 597 24.43358344574123 135 462 0
107 603 24.55605831561735 144 459 0
108 611 24.71841418861655 158 453 0
109 627 25.03996805109783 165 462 0
110 643 25.357444666211933 167 476 0
111 658 25.65151067676132 171 487 0
112 672 25.92296279363144 158 514 0
113 681 26.095976701399778 186 495 0
114 690 26.267851073127396 197 493 0
115 706 26.570660511172846 186 520 0
116 723 26.888659319497503 185 538 0
117 744 27.27636339397171 191 553 0
118 746 27.313000567495326 183 563 0
119 756 27.49545416973504 157 599 0
120 769 27.730849247724095 170 599 0
121 776 27.85677655436824 173 603 0
122 782 27.964262908219126 157 625 0
123 787 28.053520278211074 182 605 0
124 788 28.071337695236398 176 612 0
125 791 28.124722220850465 172 619 0
126 805 28.372521918222215 182 623 0
127 821 28.653097563788805 178 643 0
128 840 28.982753492378876 205 635 0
129 856 29.257477676655586 228 628 0
130 860 29.32575659723036 218 642 0
131 869 29.478805945967352 208 661 0
132 880 29.664793948382652 221 659 0
133 893 29.88310559496787 218 675 0
134 904 30.066592756745816 218 686 0
135 922 30.364452901377952 227 695 0
136 922 30.364452901377952 219 703 0
137 932 30.528675044947494 242 690 0
138 944 30.72458299147443 244 700 0
139 951 30.83828789021855 242 709 0
140 967 31.096623610932426 246 721 0
141 978 31.272991542223778 252 726 0
142 997 31.575306807693888 285 712 0
143 1016 31.874754901018456 297 719 0
144 1030 32.09361307176243 301 729 0
145 1056 32.49615361854384 311 745 0
146 1080 32.863353450309965 300 780 0
147 1105 33.24154027718932 309 796 0
148 1131 33.63034344160047 320 811 0
149 1149 33.896902513356586 322 827 0
150 1162 34.08812109811862 320 842 0
151 1186 34.438350715445125 331 855 0
152 1204 34.698703145794944 374 830 0
153 1235 35.14256678161116 402 833 0
154 1248 35.32704346531139 372 876 0
155 1273 35.679125549822544 371 902 0
156 1293 35.958309192730404 413 880 0
157 1320 36.3318042491699 396 924 0
158 1334 36.52396473549935 396 938 0
159 1343 36.64696440361739 379 964 0
160 1367 36.9729630946723 393 974 0
161 1384 37.20215047547655 438 946 0
162 1410 37.54996671103717 451 959 0
163 1443 37.986839826445156 470 973 0
164 1469 38.3275357934736 433 1036 0
165 1500 38.72983346207417 418 1082 0
166 1537 39.20459156782532 465 1072 0
167 1550 39.370039370059054 439 1111 0
168 1577 39.71145930332956 429 1148 0
169 1598 39.97499218261337 390 1208 0
170 1611 40.13726448077895 404 1207 0
171 1629 40.36087214122113 370 1259 0
172 1647 40.58324777540605 386 1261 0
173 1669 40.85339643163099 410 1259 0
174 1692 41.13392760240627 395 1297 0
175 1718 41.44876355212541 412 1306 0
176 1738 41.689327171351664 421 1317 0
177 1762 41.97618372363071 429 1333 0
178 1784 42.23742416388575 450 1334 0
179 1823 42.69660408041839 462 1361 0
180 1836 42.8485705712571 448 1388 0
181 1866 43.197222132910355 445 1421 0
182 1896 43.54308211415448 459 1437 0
183 1914 43.749285708454714 470 1444 0
184 1946 44.11349000022555 492 1454 0
185 1969 44.37341546466758 481 1488 0
186 1998 44.69899327725402 459 1539 0
187 2024 44.98888751680797 447 1577 0
188 2059 45.37620521815371 458 1601 0
189 2104 45.86937976471886 495 1609 0
190 2135 46.20606020859169 501 1634 0
191 2162 46.49731175025068 479 1683 0
192 2190 46.79743582719036 506 1684 0
193 2239 47.31807265728392 507 1732 0
194 2243 47.36032094485847 516 1727 0
195 2254 47.47630988187688 529 1725 0
196 2282 47.77028364998475 537 1745 0
197 2301 47.968739820845826 532 1769 0
198 2323 48.19751030914356 560 1763 0
199 2352 48.49742261192856 555 1797 0
200 2379 48.774993593028796 575 1804 0