#StageNum, CellCount, Sqrt/log, StemCount, DiffCount, MutantCount
0 5 2.23606797749979 5 0 0
1 8 2.8284271247461903 8 0 0
2 17 4.123105625617661 17 0 0
3 25 5.0 25 0 0
4 40 6.324555320336759 40 0 0
5 50 7.0710678118654755 50 0 0
6 64 8.0 64 0 0
7 82 9.055385138137417 82 0 0
8 106 10.295630140987 106 0 0
9 138 11.74734012447073 138 0 0
10 168 12.96148139681572 168 0 0
11 196 14.0 196 0 0
12 223 14.933184523068078 223 0 0
13 250 15.811388300841896 250 0 0
14 292 17.08800749063506 292 0 0
15 329 18.138357147217054 329 0 0
16 377 19.4164878389476 377 0 0
17 434 20.83266665599966 434 0 0
18 480 21.908902300206645 480 0 0
19 539 23.2163735324878 539 0 0
20 587 24.228082879171435 587 0 0
21 647 25.436194683953808 647 0 0
22 719 26.814175355583846 719 0 0
23 797 28.231188426986208 797 0 0
24 857 29.274562336608895 857 0 0
25 940 30.659419433511783 940 0 0
26 1016 31.874754901018456 1016 0 0
27 1093 33.06055050963308 1093 0 0
28 1183 34.39476704383968 1183 0 0
29 1278 35.749125863438955 1278 0 0
30 1374 37.067505985701274 1374 0 0
31 1476 38.41874542459709 1476 0 0
32 1563 39.534794801541594 1563 0 0
33 1648 40.59556626036888 1648 0 0
34 1771 42.08325082500163 1771 0 0
35 1855 43.069710934716056 1855 0 0
36 1964 44.31703961232068 1964 0 0
37 2071 45.50824101193101 2071 0 0
38 2181 46.70117771534247 2181 0 0
39 2320 48.16637831516918 2320 0 0
40 2418 49.17316341257699 2418 0 0
41 2546 50.457903246171455 2546 0 0
42 2665 51.62363799656123 2665 0 0
43 2776 52.687759489277965 2776 0 0
44 2905 53.898051912847464 2905 0 0
45 3069 55.39855593785816 3069 0 0
46 3192 56.49778756730214 3192 0 0
47 3348 57.86190456595773 3348 0 0
48 3503 59.18614702783076 3503 0 0
49 3665 60.53924347066124 3665 0 0
50 3819 61.7980582219215 3819 0 0
51 4007 63.30086887239384 4007 0 0
52 4140 64.34283176858165 4140 0 0
53 4320 65.72670690061993 4320 0 0
54 4464 66.81317235396027 4464 0 0
55 4632 68.05879810869422 4632 0 0
56 4763 69.01449123191448 4763 0 0
57 4918 70.12845356914696 4918 0 0
58 5121 71.56116265125938 5121 0 0
59 5305 72.83543093852057 5305 0 0
60 5448 73.81056834898374 5448 0 0
61 5605 74.86654793697917 5605 0 0
62 5772 75.97367965289031 5772 0 0
63 5906 76.8505042273634 5906 0 0
64 6051 77.78817390837762 6051 0 0
65 6215 78.835271294009 6215 0 0
66 6339 79.61783719745218 6339 0 0
67 6447 80.2932126645833 6447 0 0
68 6605 81.27115109311545 6605 0 0
69 6730 82.03657720797473 6730 0 0
70 6903 83.08429454475737 6903 0 0
71 7050 83.96427811873333 7050 0 0
72 7202 84.86459803710851 7202 0 0
73 7366 85.82540416450132 7366 0 0
74 7465 86.40023148117139 7465 0 0
75 7591 87.12634503983281 7591 0 0
76 7717 87.84645695758026 7717 0 0
77 7788 88.24964589164084 7788 0 0
78 7885 88.79752248796134 7885 0 0
79 7935 89.07861696277058 7935 0 0
80 8017 89.5377015563835 8017 0 0
81 8077 89.87213138676528 8077 0 0
82 8139 90.21640649017229 8139 0 0
83 8203 90.5704145954958 8203 0 0
84 8274 90.96153033013462 8274 0 0
85 8383 91.55872432488343 8383 0 0
86 8435 91.84225606985055 8435 0 0
87 8515 92.27675763701279 8515 0 0
88 8571 92.57969539807311 8571 0 0
89 8636 92.93008124391154 8636 0 0
90 8675 93.13968005098579 8675 0 0
91 8738 93.47726996441435 8738 0 0
92 8747 93.52539762011173 8747 0 0
93 8767 93.63225939813692 8767 0 0
94 8794 93.77632963600144 8794 0 0
95 8825 93.94147114027967 8825 0 0
96 8886 94.26558226627574 8886 0 0
97 8893 94.30270409696638 8893 0 0
98 8935 94.52512893405647 8935 0 0
99 8959 94.65199416811038 8959 0 0
100 9004 94.88940931421166 9004 0 0
101 9030 95.0263121456368 9030 0 0
102 9023 94.98947310097051 9023 0 0
103 9059 95.17877914745492 9059 0 0
104 9073 95.25229656024048 9073 0 0
105 9086 95.3205119583398 9086 0 0
106 9115 95.4725091322104 9115 0 0
107 9151 95.66085928947116 9151 0 0
108 9201 95.9218431849597 9201 0 0
109 9217 96.00520819205592 9217 0 0
110 9230 96.0728889958036 9230 0 0
111 9243 96.1405221537724 9243 0 0
112 9266 96.26006440887103 9266 0 0
113 9286 96.36389365317281 9286 0 0
114 9311 96.49352309870336 9311 0 0
115 9310 96.48834126463156 9310 0 0
116 9327 96.57639463140049 9327 0 0
117 9365 96.77293009927931 9365 0 0
118 9389 96.89685237405806 9389 0 0
119 9408 96.99484522385713 9408 0 0
120 9448 97.20082304178294 9448 0 0
121 9443 97.17509969122749 9443 0 0
122 9450 97.21111047611791 9450 0 0
123 9491 97.42176348229383 9491 0 0
124 9514 97.53973549277238 9514 0 0
125 9534 97.64220398987315 9534 0 0
126 9527 97.60635225229964 9527 0 0
127 9521 97.57561170702442 9521 0 0
128 9546 97.70363350459388 9546 0 0
129 9539 97.66780431646859 9539 0 0
130 9559 97.77013859047148 9559 0 0
131 9581 97.88258272031854 9581 0 0
132 9579 97.87236586493657 9579 0 0
133 9585 97.90301323248433 9585 0 0
134 9600 97.97958971132712 9600 0 0
135 9596 97.95917517006765 9596 0 0
136 9618 98.07140255956371 9618 0 0
137 9628 98.12237257628864 9628 0 0
138 9640 98.18350166906862 9640 0 0
139 9645 98.2089608946149 9645 0 0
140 9647 98.2191427370449 9647 0 0
141 9656 98.26494797230598 9656 0 0
142 9662 98.29547293746543 9662 0 0
143 9688 98.42763839491425 9688 0 0
144 9706 98.5190336940025 9706 0 0
145 9701 98.49365461794989 9701 0 0
146 9707 98.52410872471773 9707 0 0
147 9712 98.54947995803936 9712 0 0
148 9711 98.54440623394105 9711 0 0
149 9742 98.70157040290697 9742 0 0
150 9741 98.69650449737316 9741 0 0
151 9763 98.80789442144793 9763 0 0
152 9777 98.87871358386495 9777 0 0
153 9800 98.99494936611666 9800 0 0
154 9793 98.9595877113481 9793 0 0
155 9791 98.94948206029176 9791 0 0
156 9790 98.94442884771229 9790 0 0
157 9792 98.95453501482385 9792 0 0
158 9782 98.90399385262458 9782 0 0
159 9811 99.05049217444606 9811 0 0
160 9822 99.10600385445879 9822 0 0
161 9828 99.13626985114983 9828 0 0
162 9805 99.02019995940222 9805 0 0
163 9800 98.99494936611666 9800 0 0
164 9819 99.09086738948247 9819 0 0
165 9841 99.20181449953424 9841 0 0
166 9822 99.10600385445879 9822 0 0
167 9836 99.1766101457395 9836 0 0
168 9833 99.16148445843275 9833 0 0
169 9835 99.17156850630124 9835 0 0
170 9839 99.1917335265394 9839 0 0
171 9860 99.29753269845128 9860 0 0
172 9850 99.24716620639605 9850 0 0
173 9819 99.09086738948247 9819 0 0
174 9833 99.16148445843275 9833 0 0
175 9855 99.27235264664579 9855 0 0
176 9864 99.31767214348109 9864 0 0
177 9856 99.27738916792686 9856 0 0
178 9875 99.37303457175895 9875 0 0
179 9849 99.24212815130478 9849 0 0
180 9854 99.26731586982696 9854 0 0
181 9863 99.31263766510283 9863 0 0
182 9867 99.3327740476425 9867 0 0
183 9877 99.38309715439543 9877 0 0
184 9875 99.37303457175895 9875 0 0
185 9858 99.2874614440313 9858 0 0
186 9870 99.34787365615834 9870 0 0
187 9859 99.29249719893241 9859 0 0
188 9873 99.36297097007517 9873 0 0
189 9869 99.34284070832683 9869 0 0
190 9879 99.39315871829409 9879 0 0
191 9874 99.36800289831733 9874 0 0
192 9875 99.37303457175895 9875 0 0
193 9872 99.35793878699377 9872 0 0
194 9856 99.27738916792686 9856 0 0
195 9845 99.22197337283713 9845 0 0
196 9855 99.27235264664579 9855 0 0
197 9853 99.2622788374315 9853 0 0
198 9852 99.25724154942047 9852 0 0
199 9852 99.25724154942047 9852 0 0
200 9849 99.24212815130478 9849 0 0